       0       0        1.160305        0.000000
       0       1       -1.000000        0.000000
       0       2        0.000000        0.000000
       0       3        0.000000        0.000000
       0       4        0.000000        0.000000
       0       5        0.000000        0.000000
       0       6        0.000000        0.000000
       0       7        1.000000        0.000000
       1       0       -1.000000        0.000000
       1       1        1.222269        0.000000
       1       2       -1.000000        0.000000
       1       3        0.000000        0.000000
       1       4        0.000000        0.000000
       1       5        0.000000        0.000000
       1       6        0.000000        0.000000
       1       7        0.000000        0.000000
       2       0        0.000000        0.000000
       2       1       -1.000000        0.000000
       2       2        1.234552        0.000000
       2       3       -1.000000        0.000000
       2       4        0.000000        0.000000
       2       5        0.000000        0.000000
       2       6        0.000000        0.000000
       2       7        0.000000        0.000000
       3       0        0.000000        0.000000
       3       1        0.000000        0.000000
       3       2       -1.000000        0.000000
       3       3        1.285135        0.000000
       3       4       -1.000000        0.000000
       3       5        0.000000        0.000000
       3       6        0.000000        0.000000
       3       7        0.000000        0.000000
       4       0        0.000000        0.000000
       4       1        0.000000        0.000000
       4       2        0.000000        0.000000
       4       3       -1.000000        0.000000
       4       4        1.346837        0.000000
       4       5       -1.000000        0.000000
       4       6        0.000000        0.000000
       4       7        0.000000        0.000000
       5       0        0.000000        0.000000
       5       1        0.000000        0.000000
       5       2        0.000000        0.000000
       5       3        0.000000        0.000000
       5       4       -1.000000        0.000000
       5       5        1.382856        0.000000
       5       6       -1.000000        0.000000
       5       7        0.000000        0.000000
       6       0        0.000000        0.000000
       6       1        0.000000        0.000000
       6       2        0.000000        0.000000
       6       3        0.000000        0.000000
       6       4        0.000000        0.000000
       6       5       -1.000000        0.000000
       6       6        1.395765        0.000000
       6       7       -1.000000        0.000000
       7       0        1.000000        0.000000
       7       1        0.000000        0.000000
       7       2        0.000000        0.000000
       7       3        0.000000        0.000000
       7       4        0.000000        0.000000
       7       5        0.000000        0.000000
       7       6       -1.000000        0.000000
       7       7        1.471676        0.000000
