       0       0        1.041344        0.000000
       0       1       -1.000000        0.000000
       0       7        1.000000        0.000000
       1       1        1.104969        0.000000
       1       0       -1.000000        0.000000
       1       2       -1.000000        0.000000
       2       2        1.119187        0.000000
       2       1       -1.000000        0.000000
       2       3       -1.000000        0.000000
       3       3        1.173240        0.000000
       3       2       -1.000000        0.000000
       3       4       -1.000000        0.000000
       4       4        1.237598        0.000000
       4       3       -1.000000        0.000000
       4       5       -1.000000        0.000000
       5       5        1.275495        0.000000
       5       4       -1.000000        0.000000
       5       6       -1.000000        0.000000
       6       6        1.291335        0.000000
       6       5       -1.000000        0.000000
       6       7       -1.000000        0.000000
       7       7        1.370409        0.000000
       7       6       -1.000000        0.000000
       7       0        1.000000        0.000000
