       0       0        1.135169        0.000000
       0       1       -1.000000        0.000000
       0       7        1.000000        0.000000
       1       1        1.197266        0.000000
       1       0       -1.000000        0.000000
       1       2       -1.000000        0.000000
       2       2        1.209845        0.000000
       2       1       -1.000000        0.000000
       2       3       -1.000000        0.000000
       3       3        1.261420        0.000000
       3       2       -1.000000        0.000000
       3       4       -1.000000        0.000000
       4       4        1.323517        0.000000
       4       3       -1.000000        0.000000
       4       5       -1.000000        0.000000
       5       5        1.359861        0.000000
       5       4       -1.000000        0.000000
       5       6       -1.000000        0.000000
       6       6        1.373443        0.000000
       6       5       -1.000000        0.000000
       6       7       -1.000000        0.000000
       7       7        1.450094        0.000000
       7       6       -1.000000        0.000000
       7       0        1.000000        0.000000
