       0       0        1.183451        0.000000
       0       1       -1.000000        0.000000
       0       7        1.000000        0.000000
       1       1        1.244742        0.000000
       1       0       -1.000000        0.000000
       1       2       -1.000000        0.000000
       2       2        1.256642        0.000000
       2       1       -1.000000        0.000000
       2       3       -1.000000        0.000000
       3       3        1.306987        0.000000
       3       2       -1.000000        0.000000
       3       4       -1.000000        0.000000
       4       4        1.367935        0.000000
       4       3       -1.000000        0.000000
       4       5       -1.000000        0.000000
       5       5        1.403562        0.000000
       5       4       -1.000000        0.000000
       5       6       -1.000000        0.000000
       6       6        1.416160        0.000000
       6       5       -1.000000        0.000000
       6       7       -1.000000        0.000000
       7       7        1.491494        0.000000
       7       6       -1.000000        0.000000
       7       0        1.000000        0.000000
