       0       0        1.160489        0.000000
       0       1       -1.000000        0.000000
       0       7        1.000000        0.000000
       1       1        1.222159        0.000000
       1       0       -1.000000        0.000000
       1       2       -1.000000        0.000000
       2       2        1.234374        0.000000
       2       1       -1.000000        0.000000
       2       3       -1.000000        0.000000
       3       3        1.285293        0.000000
       3       2       -1.000000        0.000000
       3       4       -1.000000        0.000000
       4       4        1.346781        0.000000
       4       3       -1.000000        0.000000
       4       5       -1.000000        0.000000
       5       5        1.382743        0.000000
       5       4       -1.000000        0.000000
       5       6       -1.000000        0.000000
       6       6        1.395798        0.000000
       6       5       -1.000000        0.000000
       6       7       -1.000000        0.000000
       7       7        1.471753        0.000000
       7       6       -1.000000        0.000000
       7       0        1.000000        0.000000
