       0       0        0.908420        0.000000
       0       1       -1.000000        0.000000
       0       7        1.000000        0.000000
       1       1        0.974510        0.000000
       1       0       -1.000000        0.000000
       1       2       -1.000000        0.000000
       2       2        0.991616        0.000000
       2       1       -1.000000        0.000000
       2       3       -1.000000        0.000000
       3       3        1.049811        0.000000
       3       2       -1.000000        0.000000
       3       4       -1.000000        0.000000
       4       4        1.117791        0.000000
       4       3       -1.000000        0.000000
       4       5       -1.000000        0.000000
       5       5        1.158261        0.000000
       5       4       -1.000000        0.000000
       5       6       -1.000000        0.000000
       6       6        1.178016        0.000000
       6       5       -1.000000        0.000000
       6       7       -1.000000        0.000000
       7       7        1.260937        0.000000
       7       6       -1.000000        0.000000
       7       0        1.000000        0.000000
