       0       0        0.712921        0.000000
       0       1       -1.000000        0.000000
       0       7        1.000000        0.000000
       1       1        0.783154        0.000000
       1       0       -1.000000        0.000000
       1       2       -1.000000        0.000000
       2       2        0.806417        0.000000
       2       1       -1.000000        0.000000
       2       3       -1.000000        0.000000
       3       3        0.872056        0.000000
       3       2       -1.000000        0.000000
       3       4       -1.000000        0.000000
       4       4        0.946102        0.000000
       4       3       -1.000000        0.000000
       4       5       -1.000000        0.000000
       5       5        0.991501        0.000000
       5       4       -1.000000        0.000000
       5       6       -1.000000        0.000000
       6       6        1.019217        0.000000
       6       5       -1.000000        0.000000
       6       7       -1.000000        0.000000
       7       7        1.108185        0.000000
       7       6       -1.000000        0.000000
       7       0        1.000000        0.000000
