       0       0        0.531680        0.000000
       0       1       -1.000000        0.000000
       0       7        1.000000        0.000000
       1       1        0.606513        0.000000
       1       0       -1.000000        0.000000
       1       2       -1.000000        0.000000
       2       2        0.638639        0.000000
       2       1       -1.000000        0.000000
       2       3       -1.000000        0.000000
       3       3        0.712997        0.000000
       3       2       -1.000000        0.000000
       3       4       -1.000000        0.000000
       4       4        0.793507        0.000000
       4       3       -1.000000        0.000000
       4       5       -1.000000        0.000000
       5       5        0.845358        0.000000
       5       4       -1.000000        0.000000
       5       6       -1.000000        0.000000
       6       6        0.883869        0.000000
       6       5       -1.000000        0.000000
       6       7       -1.000000        0.000000
       7       7        0.978672        0.000000
       7       6       -1.000000        0.000000
       7       0        1.000000        0.000000
