       0       0        0.628092        0.000000
       0       1       -1.000000        0.000000
       0       7        1.000000        0.000000
       1       1        0.700410        0.000000
       1       0       -1.000000        0.000000
       1       2       -1.000000        0.000000
       2       2        0.727314        0.000000
       2       1       -1.000000        0.000000
       2       3       -1.000000        0.000000
       3       3        0.796896        0.000000
       3       2       -1.000000        0.000000
       3       4       -1.000000        0.000000
       4       4        0.873938        0.000000
       4       3       -1.000000        0.000000
       4       5       -1.000000        0.000000
       5       5        0.922050        0.000000
       5       4       -1.000000        0.000000
       5       6       -1.000000        0.000000
       6       6        0.954330        0.000000
       6       5       -1.000000        0.000000
       6       7       -1.000000        0.000000
       7       7        1.046147        0.000000
       7       6       -1.000000        0.000000
       7       0        1.000000        0.000000
