       0       0        0.786918        0.000000
       0       1       -1.000000        0.000000
       0       7        1.000000        0.000000
       1       1        0.855516        0.000000
       1       0       -1.000000        0.000000
       1       2       -1.000000        0.000000
       2       2        0.876111        0.000000
       2       1       -1.000000        0.000000
       2       3       -1.000000        0.000000
       3       3        0.938750        0.000000
       3       2       -1.000000        0.000000
       3       4       -1.000000        0.000000
       4       4        1.010415        0.000000
       4       3       -1.000000        0.000000
       4       5       -1.000000        0.000000
       5       5        1.053748        0.000000
       5       4       -1.000000        0.000000
       5       6       -1.000000        0.000000
       6       6        1.078081        0.000000
       6       5       -1.000000        0.000000
       6       7       -1.000000        0.000000
       7       7        1.164755        0.000000
       7       6       -1.000000        0.000000
       7       0        1.000000        0.000000
