       0       0        0.958367        0.000000
       0       1       -1.000000        0.000000
       0       7        1.000000        0.000000
       1       1        1.023458        0.000000
       1       0       -1.000000        0.000000
       1       2       -1.000000        0.000000
       2       2        1.039412        0.000000
       2       1       -1.000000        0.000000
       2       3       -1.000000        0.000000
       3       3        1.095916        0.000000
       3       2       -1.000000        0.000000
       3       4       -1.000000        0.000000
       4       4        1.162441        0.000000
       4       3       -1.000000        0.000000
       4       5       -1.000000        0.000000
       5       5        1.201895        0.000000
       5       4       -1.000000        0.000000
       5       6       -1.000000        0.000000
       6       6        1.220078        0.000000
       6       5       -1.000000        0.000000
       6       7       -1.000000        0.000000
       7       7        1.301429        0.000000
       7       6       -1.000000        0.000000
       7       0        1.000000        0.000000
