       0       3     11000000 00000000
       1       5     10100000 00000000
       2       6     01100000 00000000
       3       9     10010000 00000000
       4      10     01010000 00000000
       5      12     00110000 00000000
       6      17     10001000 00000000
       7      18     01001000 00000000
       8      20     00101000 00000000
       9      24     00011000 00000000
      10      33     10000100 00000000
      11      34     01000100 00000000
      12      36     00100100 00000000
      13      40     00010100 00000000
      14      48     00001100 00000000
      15      65     10000010 00000000
      16      66     01000010 00000000
      17      68     00100010 00000000
      18      72     00010010 00000000
      19      80     00001010 00000000
      20      96     00000110 00000000
      21     129     10000001 00000000
      22     130     01000001 00000000
      23     132     00100001 00000000
      24     136     00010001 00000000
      25     144     00001001 00000000
      26     160     00000101 00000000
      27     192     00000011 00000000
      28     257     10000000 10000000
      29     258     01000000 10000000
      30     260     00100000 10000000
      31     264     00010000 10000000
      32     272     00001000 10000000
      33     288     00000100 10000000
      34     320     00000010 10000000
      35     384     00000001 10000000
      36     513     10000000 01000000
      37     514     01000000 01000000
      38     516     00100000 01000000
      39     520     00010000 01000000
      40     528     00001000 01000000
      41     544     00000100 01000000
      42     576     00000010 01000000
      43     640     00000001 01000000
      44     768     00000000 11000000
      45    1025     10000000 00100000
      46    1026     01000000 00100000
      47    1028     00100000 00100000
      48    1032     00010000 00100000
      49    1040     00001000 00100000
      50    1056     00000100 00100000
      51    1088     00000010 00100000
      52    1152     00000001 00100000
      53    1280     00000000 10100000
      54    1536     00000000 01100000
      55    2049     10000000 00010000
      56    2050     01000000 00010000
      57    2052     00100000 00010000
      58    2056     00010000 00010000
      59    2064     00001000 00010000
      60    2080     00000100 00010000
      61    2112     00000010 00010000
      62    2176     00000001 00010000
      63    2304     00000000 10010000
      64    2560     00000000 01010000
      65    3072     00000000 00110000
      66    4097     10000000 00001000
      67    4098     01000000 00001000
      68    4100     00100000 00001000
      69    4104     00010000 00001000
      70    4112     00001000 00001000
      71    4128     00000100 00001000
      72    4160     00000010 00001000
      73    4224     00000001 00001000
      74    4352     00000000 10001000
      75    4608     00000000 01001000
      76    5120     00000000 00101000
      77    6144     00000000 00011000
      78    8193     10000000 00000100
      79    8194     01000000 00000100
      80    8196     00100000 00000100
      81    8200     00010000 00000100
      82    8208     00001000 00000100
      83    8224     00000100 00000100
      84    8256     00000010 00000100
      85    8320     00000001 00000100
      86    8448     00000000 10000100
      87    8704     00000000 01000100
      88    9216     00000000 00100100
      89   10240     00000000 00010100
      90   12288     00000000 00001100
      91   16385     10000000 00000010
      92   16386     01000000 00000010
      93   16388     00100000 00000010
      94   16392     00010000 00000010
      95   16400     00001000 00000010
      96   16416     00000100 00000010
      97   16448     00000010 00000010
      98   16512     00000001 00000010
      99   16640     00000000 10000010
     100   16896     00000000 01000010
     101   17408     00000000 00100010
     102   18432     00000000 00010010
     103   20480     00000000 00001010
     104   24576     00000000 00000110
     105   32769     10000000 00000001
     106   32770     01000000 00000001
     107   32772     00100000 00000001
     108   32776     00010000 00000001
     109   32784     00001000 00000001
     110   32800     00000100 00000001
     111   32832     00000010 00000001
     112   32896     00000001 00000001
     113   33024     00000000 10000001
     114   33280     00000000 01000001
     115   33792     00000000 00100001
     116   34816     00000000 00010001
     117   36864     00000000 00001001
     118   40960     00000000 00000101
     119   49152     00000000 00000011
