       0      15    1111000000000000
       1      23    1110100000000000
       2      27    1101100000000000
       3      29    1011100000000000
       4      30    0111100000000000
       5      39    1110010000000000
       6      43    1101010000000000
       7      45    1011010000000000
       8      46    0111010000000000
       9      51    1100110000000000
      10      53    1010110000000000
      11      54    0110110000000000
      12      57    1001110000000000
      13      58    0101110000000000
      14      60    0011110000000000
      15      71    1110001000000000
      16      75    1101001000000000
      17      77    1011001000000000
      18      78    0111001000000000
      19      83    1100101000000000
      20      85    1010101000000000
      21      86    0110101000000000
      22      89    1001101000000000
      23      90    0101101000000000
      24      92    0011101000000000
      25      99    1100011000000000
      26     101    1010011000000000
      27     102    0110011000000000
      28     105    1001011000000000
      29     106    0101011000000000
      30     108    0011011000000000
      31     113    1000111000000000
      32     114    0100111000000000
      33     116    0010111000000000
      34     120    0001111000000000
      35     135    1110000100000000
      36     139    1101000100000000
      37     141    1011000100000000
      38     142    0111000100000000
      39     147    1100100100000000
      40     149    1010100100000000
      41     150    0110100100000000
      42     153    1001100100000000
      43     154    0101100100000000
      44     156    0011100100000000
      45     163    1100010100000000
      46     165    1010010100000000
      47     166    0110010100000000
      48     169    1001010100000000
      49     170    0101010100000000
      50     172    0011010100000000
      51     177    1000110100000000
      52     178    0100110100000000
      53     180    0010110100000000
      54     184    0001110100000000
      55     195    1100001100000000
      56     197    1010001100000000
      57     198    0110001100000000
      58     201    1001001100000000
      59     202    0101001100000000
      60     204    0011001100000000
      61     209    1000101100000000
      62     210    0100101100000000
      63     212    0010101100000000
      64     216    0001101100000000
      65     225    1000011100000000
      66     226    0100011100000000
      67     228    0010011100000000
      68     232    0001011100000000
      69     240    0000111100000000
      70     263    1110000010000000
      71     267    1101000010000000
      72     269    1011000010000000
      73     270    0111000010000000
      74     275    1100100010000000
      75     277    1010100010000000
      76     278    0110100010000000
      77     281    1001100010000000
      78     282    0101100010000000
      79     284    0011100010000000
      80     291    1100010010000000
      81     293    1010010010000000
      82     294    0110010010000000
      83     297    1001010010000000
      84     298    0101010010000000
      85     300    0011010010000000
      86     305    1000110010000000
      87     306    0100110010000000
      88     308    0010110010000000
      89     312    0001110010000000
      90     323    1100001010000000
      91     325    1010001010000000
      92     326    0110001010000000
      93     329    1001001010000000
      94     330    0101001010000000
      95     332    0011001010000000
      96     337    1000101010000000
      97     338    0100101010000000
      98     340    0010101010000000
      99     344    0001101010000000
     100     353    1000011010000000
     101     354    0100011010000000
     102     356    0010011010000000
     103     360    0001011010000000
     104     368    0000111010000000
     105     387    1100000110000000
     106     389    1010000110000000
     107     390    0110000110000000
     108     393    1001000110000000
     109     394    0101000110000000
     110     396    0011000110000000
     111     401    1000100110000000
     112     402    0100100110000000
     113     404    0010100110000000
     114     408    0001100110000000
     115     417    1000010110000000
     116     418    0100010110000000
     117     420    0010010110000000
     118     424    0001010110000000
     119     432    0000110110000000
     120     449    1000001110000000
     121     450    0100001110000000
     122     452    0010001110000000
     123     456    0001001110000000
     124     464    0000101110000000
     125     480    0000011110000000
     126     519    1110000001000000
     127     523    1101000001000000
     128     525    1011000001000000
     129     526    0111000001000000
     130     531    1100100001000000
     131     533    1010100001000000
     132     534    0110100001000000
     133     537    1001100001000000
     134     538    0101100001000000
     135     540    0011100001000000
     136     547    1100010001000000
     137     549    1010010001000000
     138     550    0110010001000000
     139     553    1001010001000000
     140     554    0101010001000000
     141     556    0011010001000000
     142     561    1000110001000000
     143     562    0100110001000000
     144     564    0010110001000000
     145     568    0001110001000000
     146     579    1100001001000000
     147     581    1010001001000000
     148     582    0110001001000000
     149     585    1001001001000000
     150     586    0101001001000000
     151     588    0011001001000000
     152     593    1000101001000000
     153     594    0100101001000000
     154     596    0010101001000000
     155     600    0001101001000000
     156     609    1000011001000000
     157     610    0100011001000000
     158     612    0010011001000000
     159     616    0001011001000000
     160     624    0000111001000000
     161     643    1100000101000000
     162     645    1010000101000000
     163     646    0110000101000000
     164     649    1001000101000000
     165     650    0101000101000000
     166     652    0011000101000000
     167     657    1000100101000000
     168     658    0100100101000000
     169     660    0010100101000000
     170     664    0001100101000000
     171     673    1000010101000000
     172     674    0100010101000000
     173     676    0010010101000000
     174     680    0001010101000000
     175     688    0000110101000000
     176     705    1000001101000000
     177     706    0100001101000000
     178     708    0010001101000000
     179     712    0001001101000000
     180     720    0000101101000000
     181     736    0000011101000000
     182     771    1100000011000000
     183     773    1010000011000000
     184     774    0110000011000000
     185     777    1001000011000000
     186     778    0101000011000000
     187     780    0011000011000000
     188     785    1000100011000000
     189     786    0100100011000000
     190     788    0010100011000000
     191     792    0001100011000000
     192     801    1000010011000000
     193     802    0100010011000000
     194     804    0010010011000000
     195     808    0001010011000000
     196     816    0000110011000000
     197     833    1000001011000000
     198     834    0100001011000000
     199     836    0010001011000000
     200     840    0001001011000000
     201     848    0000101011000000
     202     864    0000011011000000
     203     897    1000000111000000
     204     898    0100000111000000
     205     900    0010000111000000
     206     904    0001000111000000
     207     912    0000100111000000
     208     928    0000010111000000
     209     960    0000001111000000
     210    1031    1110000000100000
     211    1035    1101000000100000
     212    1037    1011000000100000
     213    1038    0111000000100000
     214    1043    1100100000100000
     215    1045    1010100000100000
     216    1046    0110100000100000
     217    1049    1001100000100000
     218    1050    0101100000100000
     219    1052    0011100000100000
     220    1059    1100010000100000
     221    1061    1010010000100000
     222    1062    0110010000100000
     223    1065    1001010000100000
     224    1066    0101010000100000
     225    1068    0011010000100000
     226    1073    1000110000100000
     227    1074    0100110000100000
     228    1076    0010110000100000
     229    1080    0001110000100000
     230    1091    1100001000100000
     231    1093    1010001000100000
     232    1094    0110001000100000
     233    1097    1001001000100000
     234    1098    0101001000100000
     235    1100    0011001000100000
     236    1105    1000101000100000
     237    1106    0100101000100000
     238    1108    0010101000100000
     239    1112    0001101000100000
     240    1121    1000011000100000
     241    1122    0100011000100000
     242    1124    0010011000100000
     243    1128    0001011000100000
     244    1136    0000111000100000
     245    1155    1100000100100000
     246    1157    1010000100100000
     247    1158    0110000100100000
     248    1161    1001000100100000
     249    1162    0101000100100000
     250    1164    0011000100100000
     251    1169    1000100100100000
     252    1170    0100100100100000
     253    1172    0010100100100000
     254    1176    0001100100100000
     255    1185    1000010100100000
     256    1186    0100010100100000
     257    1188    0010010100100000
     258    1192    0001010100100000
     259    1200    0000110100100000
     260    1217    1000001100100000
     261    1218    0100001100100000
     262    1220    0010001100100000
     263    1224    0001001100100000
     264    1232    0000101100100000
     265    1248    0000011100100000
     266    1283    1100000010100000
     267    1285    1010000010100000
     268    1286    0110000010100000
     269    1289    1001000010100000
     270    1290    0101000010100000
     271    1292    0011000010100000
     272    1297    1000100010100000
     273    1298    0100100010100000
     274    1300    0010100010100000
     275    1304    0001100010100000
     276    1313    1000010010100000
     277    1314    0100010010100000
     278    1316    0010010010100000
     279    1320    0001010010100000
     280    1328    0000110010100000
     281    1345    1000001010100000
     282    1346    0100001010100000
     283    1348    0010001010100000
     284    1352    0001001010100000
     285    1360    0000101010100000
     286    1376    0000011010100000
     287    1409    1000000110100000
     288    1410    0100000110100000
     289    1412    0010000110100000
     290    1416    0001000110100000
     291    1424    0000100110100000
     292    1440    0000010110100000
     293    1472    0000001110100000
     294    1539    1100000001100000
     295    1541    1010000001100000
     296    1542    0110000001100000
     297    1545    1001000001100000
     298    1546    0101000001100000
     299    1548    0011000001100000
     300    1553    1000100001100000
     301    1554    0100100001100000
     302    1556    0010100001100000
     303    1560    0001100001100000
     304    1569    1000010001100000
     305    1570    0100010001100000
     306    1572    0010010001100000
     307    1576    0001010001100000
     308    1584    0000110001100000
     309    1601    1000001001100000
     310    1602    0100001001100000
     311    1604    0010001001100000
     312    1608    0001001001100000
     313    1616    0000101001100000
     314    1632    0000011001100000
     315    1665    1000000101100000
     316    1666    0100000101100000
     317    1668    0010000101100000
     318    1672    0001000101100000
     319    1680    0000100101100000
     320    1696    0000010101100000
     321    1728    0000001101100000
     322    1793    1000000011100000
     323    1794    0100000011100000
     324    1796    0010000011100000
     325    1800    0001000011100000
     326    1808    0000100011100000
     327    1824    0000010011100000
     328    1856    0000001011100000
     329    1920    0000000111100000
     330    2055    1110000000010000
     331    2059    1101000000010000
     332    2061    1011000000010000
     333    2062    0111000000010000
     334    2067    1100100000010000
     335    2069    1010100000010000
     336    2070    0110100000010000
     337    2073    1001100000010000
     338    2074    0101100000010000
     339    2076    0011100000010000
     340    2083    1100010000010000
     341    2085    1010010000010000
     342    2086    0110010000010000
     343    2089    1001010000010000
     344    2090    0101010000010000
     345    2092    0011010000010000
     346    2097    1000110000010000
     347    2098    0100110000010000
     348    2100    0010110000010000
     349    2104    0001110000010000
     350    2115    1100001000010000
     351    2117    1010001000010000
     352    2118    0110001000010000
     353    2121    1001001000010000
     354    2122    0101001000010000
     355    2124    0011001000010000
     356    2129    1000101000010000
     357    2130    0100101000010000
     358    2132    0010101000010000
     359    2136    0001101000010000
     360    2145    1000011000010000
     361    2146    0100011000010000
     362    2148    0010011000010000
     363    2152    0001011000010000
     364    2160    0000111000010000
     365    2179    1100000100010000
     366    2181    1010000100010000
     367    2182    0110000100010000
     368    2185    1001000100010000
     369    2186    0101000100010000
     370    2188    0011000100010000
     371    2193    1000100100010000
     372    2194    0100100100010000
     373    2196    0010100100010000
     374    2200    0001100100010000
     375    2209    1000010100010000
     376    2210    0100010100010000
     377    2212    0010010100010000
     378    2216    0001010100010000
     379    2224    0000110100010000
     380    2241    1000001100010000
     381    2242    0100001100010000
     382    2244    0010001100010000
     383    2248    0001001100010000
     384    2256    0000101100010000
     385    2272    0000011100010000
     386    2307    1100000010010000
     387    2309    1010000010010000
     388    2310    0110000010010000
     389    2313    1001000010010000
     390    2314    0101000010010000
     391    2316    0011000010010000
     392    2321    1000100010010000
     393    2322    0100100010010000
     394    2324    0010100010010000
     395    2328    0001100010010000
     396    2337    1000010010010000
     397    2338    0100010010010000
     398    2340    0010010010010000
     399    2344    0001010010010000
     400    2352    0000110010010000
     401    2369    1000001010010000
     402    2370    0100001010010000
     403    2372    0010001010010000
     404    2376    0001001010010000
     405    2384    0000101010010000
     406    2400    0000011010010000
     407    2433    1000000110010000
     408    2434    0100000110010000
     409    2436    0010000110010000
     410    2440    0001000110010000
     411    2448    0000100110010000
     412    2464    0000010110010000
     413    2496    0000001110010000
     414    2563    1100000001010000
     415    2565    1010000001010000
     416    2566    0110000001010000
     417    2569    1001000001010000
     418    2570    0101000001010000
     419    2572    0011000001010000
     420    2577    1000100001010000
     421    2578    0100100001010000
     422    2580    0010100001010000
     423    2584    0001100001010000
     424    2593    1000010001010000
     425    2594    0100010001010000
     426    2596    0010010001010000
     427    2600    0001010001010000
     428    2608    0000110001010000
     429    2625    1000001001010000
     430    2626    0100001001010000
     431    2628    0010001001010000
     432    2632    0001001001010000
     433    2640    0000101001010000
     434    2656    0000011001010000
     435    2689    1000000101010000
     436    2690    0100000101010000
     437    2692    0010000101010000
     438    2696    0001000101010000
     439    2704    0000100101010000
     440    2720    0000010101010000
     441    2752    0000001101010000
     442    2817    1000000011010000
     443    2818    0100000011010000
     444    2820    0010000011010000
     445    2824    0001000011010000
     446    2832    0000100011010000
     447    2848    0000010011010000
     448    2880    0000001011010000
     449    2944    0000000111010000
     450    3075    1100000000110000
     451    3077    1010000000110000
     452    3078    0110000000110000
     453    3081    1001000000110000
     454    3082    0101000000110000
     455    3084    0011000000110000
     456    3089    1000100000110000
     457    3090    0100100000110000
     458    3092    0010100000110000
     459    3096    0001100000110000
     460    3105    1000010000110000
     461    3106    0100010000110000
     462    3108    0010010000110000
     463    3112    0001010000110000
     464    3120    0000110000110000
     465    3137    1000001000110000
     466    3138    0100001000110000
     467    3140    0010001000110000
     468    3144    0001001000110000
     469    3152    0000101000110000
     470    3168    0000011000110000
     471    3201    1000000100110000
     472    3202    0100000100110000
     473    3204    0010000100110000
     474    3208    0001000100110000
     475    3216    0000100100110000
     476    3232    0000010100110000
     477    3264    0000001100110000
     478    3329    1000000010110000
     479    3330    0100000010110000
     480    3332    0010000010110000
     481    3336    0001000010110000
     482    3344    0000100010110000
     483    3360    0000010010110000
     484    3392    0000001010110000
     485    3456    0000000110110000
     486    3585    1000000001110000
     487    3586    0100000001110000
     488    3588    0010000001110000
     489    3592    0001000001110000
     490    3600    0000100001110000
     491    3616    0000010001110000
     492    3648    0000001001110000
     493    3712    0000000101110000
     494    3840    0000000011110000
     495    4103    1110000000001000
     496    4107    1101000000001000
     497    4109    1011000000001000
     498    4110    0111000000001000
     499    4115    1100100000001000
     500    4117    1010100000001000
     501    4118    0110100000001000
     502    4121    1001100000001000
     503    4122    0101100000001000
     504    4124    0011100000001000
     505    4131    1100010000001000
     506    4133    1010010000001000
     507    4134    0110010000001000
     508    4137    1001010000001000
     509    4138    0101010000001000
     510    4140    0011010000001000
     511    4145    1000110000001000
     512    4146    0100110000001000
     513    4148    0010110000001000
     514    4152    0001110000001000
     515    4163    1100001000001000
     516    4165    1010001000001000
     517    4166    0110001000001000
     518    4169    1001001000001000
     519    4170    0101001000001000
     520    4172    0011001000001000
     521    4177    1000101000001000
     522    4178    0100101000001000
     523    4180    0010101000001000
     524    4184    0001101000001000
     525    4193    1000011000001000
     526    4194    0100011000001000
     527    4196    0010011000001000
     528    4200    0001011000001000
     529    4208    0000111000001000
     530    4227    1100000100001000
     531    4229    1010000100001000
     532    4230    0110000100001000
     533    4233    1001000100001000
     534    4234    0101000100001000
     535    4236    0011000100001000
     536    4241    1000100100001000
     537    4242    0100100100001000
     538    4244    0010100100001000
     539    4248    0001100100001000
     540    4257    1000010100001000
     541    4258    0100010100001000
     542    4260    0010010100001000
     543    4264    0001010100001000
     544    4272    0000110100001000
     545    4289    1000001100001000
     546    4290    0100001100001000
     547    4292    0010001100001000
     548    4296    0001001100001000
     549    4304    0000101100001000
     550    4320    0000011100001000
     551    4355    1100000010001000
     552    4357    1010000010001000
     553    4358    0110000010001000
     554    4361    1001000010001000
     555    4362    0101000010001000
     556    4364    0011000010001000
     557    4369    1000100010001000
     558    4370    0100100010001000
     559    4372    0010100010001000
     560    4376    0001100010001000
     561    4385    1000010010001000
     562    4386    0100010010001000
     563    4388    0010010010001000
     564    4392    0001010010001000
     565    4400    0000110010001000
     566    4417    1000001010001000
     567    4418    0100001010001000
     568    4420    0010001010001000
     569    4424    0001001010001000
     570    4432    0000101010001000
     571    4448    0000011010001000
     572    4481    1000000110001000
     573    4482    0100000110001000
     574    4484    0010000110001000
     575    4488    0001000110001000
     576    4496    0000100110001000
     577    4512    0000010110001000
     578    4544    0000001110001000
     579    4611    1100000001001000
     580    4613    1010000001001000
     581    4614    0110000001001000
     582    4617    1001000001001000
     583    4618    0101000001001000
     584    4620    0011000001001000
     585    4625    1000100001001000
     586    4626    0100100001001000
     587    4628    0010100001001000
     588    4632    0001100001001000
     589    4641    1000010001001000
     590    4642    0100010001001000
     591    4644    0010010001001000
     592    4648    0001010001001000
     593    4656    0000110001001000
     594    4673    1000001001001000
     595    4674    0100001001001000
     596    4676    0010001001001000
     597    4680    0001001001001000
     598    4688    0000101001001000
     599    4704    0000011001001000
     600    4737    1000000101001000
     601    4738    0100000101001000
     602    4740    0010000101001000
     603    4744    0001000101001000
     604    4752    0000100101001000
     605    4768    0000010101001000
     606    4800    0000001101001000
     607    4865    1000000011001000
     608    4866    0100000011001000
     609    4868    0010000011001000
     610    4872    0001000011001000
     611    4880    0000100011001000
     612    4896    0000010011001000
     613    4928    0000001011001000
     614    4992    0000000111001000
     615    5123    1100000000101000
     616    5125    1010000000101000
     617    5126    0110000000101000
     618    5129    1001000000101000
     619    5130    0101000000101000
     620    5132    0011000000101000
     621    5137    1000100000101000
     622    5138    0100100000101000
     623    5140    0010100000101000
     624    5144    0001100000101000
     625    5153    1000010000101000
     626    5154    0100010000101000
     627    5156    0010010000101000
     628    5160    0001010000101000
     629    5168    0000110000101000
     630    5185    1000001000101000
     631    5186    0100001000101000
     632    5188    0010001000101000
     633    5192    0001001000101000
     634    5200    0000101000101000
     635    5216    0000011000101000
     636    5249    1000000100101000
     637    5250    0100000100101000
     638    5252    0010000100101000
     639    5256    0001000100101000
     640    5264    0000100100101000
     641    5280    0000010100101000
     642    5312    0000001100101000
     643    5377    1000000010101000
     644    5378    0100000010101000
     645    5380    0010000010101000
     646    5384    0001000010101000
     647    5392    0000100010101000
     648    5408    0000010010101000
     649    5440    0000001010101000
     650    5504    0000000110101000
     651    5633    1000000001101000
     652    5634    0100000001101000
     653    5636    0010000001101000
     654    5640    0001000001101000
     655    5648    0000100001101000
     656    5664    0000010001101000
     657    5696    0000001001101000
     658    5760    0000000101101000
     659    5888    0000000011101000
     660    6147    1100000000011000
     661    6149    1010000000011000
     662    6150    0110000000011000
     663    6153    1001000000011000
     664    6154    0101000000011000
     665    6156    0011000000011000
     666    6161    1000100000011000
     667    6162    0100100000011000
     668    6164    0010100000011000
     669    6168    0001100000011000
     670    6177    1000010000011000
     671    6178    0100010000011000
     672    6180    0010010000011000
     673    6184    0001010000011000
     674    6192    0000110000011000
     675    6209    1000001000011000
     676    6210    0100001000011000
     677    6212    0010001000011000
     678    6216    0001001000011000
     679    6224    0000101000011000
     680    6240    0000011000011000
     681    6273    1000000100011000
     682    6274    0100000100011000
     683    6276    0010000100011000
     684    6280    0001000100011000
     685    6288    0000100100011000
     686    6304    0000010100011000
     687    6336    0000001100011000
     688    6401    1000000010011000
     689    6402    0100000010011000
     690    6404    0010000010011000
     691    6408    0001000010011000
     692    6416    0000100010011000
     693    6432    0000010010011000
     694    6464    0000001010011000
     695    6528    0000000110011000
     696    6657    1000000001011000
     697    6658    0100000001011000
     698    6660    0010000001011000
     699    6664    0001000001011000
     700    6672    0000100001011000
     701    6688    0000010001011000
     702    6720    0000001001011000
     703    6784    0000000101011000
     704    6912    0000000011011000
     705    7169    1000000000111000
     706    7170    0100000000111000
     707    7172    0010000000111000
     708    7176    0001000000111000
     709    7184    0000100000111000
     710    7200    0000010000111000
     711    7232    0000001000111000
     712    7296    0000000100111000
     713    7424    0000000010111000
     714    7680    0000000001111000
     715    8199    1110000000000100
     716    8203    1101000000000100
     717    8205    1011000000000100
     718    8206    0111000000000100
     719    8211    1100100000000100
     720    8213    1010100000000100
     721    8214    0110100000000100
     722    8217    1001100000000100
     723    8218    0101100000000100
     724    8220    0011100000000100
     725    8227    1100010000000100
     726    8229    1010010000000100
     727    8230    0110010000000100
     728    8233    1001010000000100
     729    8234    0101010000000100
     730    8236    0011010000000100
     731    8241    1000110000000100
     732    8242    0100110000000100
     733    8244    0010110000000100
     734    8248    0001110000000100
     735    8259    1100001000000100
     736    8261    1010001000000100
     737    8262    0110001000000100
     738    8265    1001001000000100
     739    8266    0101001000000100
     740    8268    0011001000000100
     741    8273    1000101000000100
     742    8274    0100101000000100
     743    8276    0010101000000100
     744    8280    0001101000000100
     745    8289    1000011000000100
     746    8290    0100011000000100
     747    8292    0010011000000100
     748    8296    0001011000000100
     749    8304    0000111000000100
     750    8323    1100000100000100
     751    8325    1010000100000100
     752    8326    0110000100000100
     753    8329    1001000100000100
     754    8330    0101000100000100
     755    8332    0011000100000100
     756    8337    1000100100000100
     757    8338    0100100100000100
     758    8340    0010100100000100
     759    8344    0001100100000100
     760    8353    1000010100000100
     761    8354    0100010100000100
     762    8356    0010010100000100
     763    8360    0001010100000100
     764    8368    0000110100000100
     765    8385    1000001100000100
     766    8386    0100001100000100
     767    8388    0010001100000100
     768    8392    0001001100000100
     769    8400    0000101100000100
     770    8416    0000011100000100
     771    8451    1100000010000100
     772    8453    1010000010000100
     773    8454    0110000010000100
     774    8457    1001000010000100
     775    8458    0101000010000100
     776    8460    0011000010000100
     777    8465    1000100010000100
     778    8466    0100100010000100
     779    8468    0010100010000100
     780    8472    0001100010000100
     781    8481    1000010010000100
     782    8482    0100010010000100
     783    8484    0010010010000100
     784    8488    0001010010000100
     785    8496    0000110010000100
     786    8513    1000001010000100
     787    8514    0100001010000100
     788    8516    0010001010000100
     789    8520    0001001010000100
     790    8528    0000101010000100
     791    8544    0000011010000100
     792    8577    1000000110000100
     793    8578    0100000110000100
     794    8580    0010000110000100
     795    8584    0001000110000100
     796    8592    0000100110000100
     797    8608    0000010110000100
     798    8640    0000001110000100
     799    8707    1100000001000100
     800    8709    1010000001000100
     801    8710    0110000001000100
     802    8713    1001000001000100
     803    8714    0101000001000100
     804    8716    0011000001000100
     805    8721    1000100001000100
     806    8722    0100100001000100
     807    8724    0010100001000100
     808    8728    0001100001000100
     809    8737    1000010001000100
     810    8738    0100010001000100
     811    8740    0010010001000100
     812    8744    0001010001000100
     813    8752    0000110001000100
     814    8769    1000001001000100
     815    8770    0100001001000100
     816    8772    0010001001000100
     817    8776    0001001001000100
     818    8784    0000101001000100
     819    8800    0000011001000100
     820    8833    1000000101000100
     821    8834    0100000101000100
     822    8836    0010000101000100
     823    8840    0001000101000100
     824    8848    0000100101000100
     825    8864    0000010101000100
     826    8896    0000001101000100
     827    8961    1000000011000100
     828    8962    0100000011000100
     829    8964    0010000011000100
     830    8968    0001000011000100
     831    8976    0000100011000100
     832    8992    0000010011000100
     833    9024    0000001011000100
     834    9088    0000000111000100
     835    9219    1100000000100100
     836    9221    1010000000100100
     837    9222    0110000000100100
     838    9225    1001000000100100
     839    9226    0101000000100100
     840    9228    0011000000100100
     841    9233    1000100000100100
     842    9234    0100100000100100
     843    9236    0010100000100100
     844    9240    0001100000100100
     845    9249    1000010000100100
     846    9250    0100010000100100
     847    9252    0010010000100100
     848    9256    0001010000100100
     849    9264    0000110000100100
     850    9281    1000001000100100
     851    9282    0100001000100100
     852    9284    0010001000100100
     853    9288    0001001000100100
     854    9296    0000101000100100
     855    9312    0000011000100100
     856    9345    1000000100100100
     857    9346    0100000100100100
     858    9348    0010000100100100
     859    9352    0001000100100100
     860    9360    0000100100100100
     861    9376    0000010100100100
     862    9408    0000001100100100
     863    9473    1000000010100100
     864    9474    0100000010100100
     865    9476    0010000010100100
     866    9480    0001000010100100
     867    9488    0000100010100100
     868    9504    0000010010100100
     869    9536    0000001010100100
     870    9600    0000000110100100
     871    9729    1000000001100100
     872    9730    0100000001100100
     873    9732    0010000001100100
     874    9736    0001000001100100
     875    9744    0000100001100100
     876    9760    0000010001100100
     877    9792    0000001001100100
     878    9856    0000000101100100
     879    9984    0000000011100100
     880   10243    1100000000010100
     881   10245    1010000000010100
     882   10246    0110000000010100
     883   10249    1001000000010100
     884   10250    0101000000010100
     885   10252    0011000000010100
     886   10257    1000100000010100
     887   10258    0100100000010100
     888   10260    0010100000010100
     889   10264    0001100000010100
     890   10273    1000010000010100
     891   10274    0100010000010100
     892   10276    0010010000010100
     893   10280    0001010000010100
     894   10288    0000110000010100
     895   10305    1000001000010100
     896   10306    0100001000010100
     897   10308    0010001000010100
     898   10312    0001001000010100
     899   10320    0000101000010100
     900   10336    0000011000010100
     901   10369    1000000100010100
     902   10370    0100000100010100
     903   10372    0010000100010100
     904   10376    0001000100010100
     905   10384    0000100100010100
     906   10400    0000010100010100
     907   10432    0000001100010100
     908   10497    1000000010010100
     909   10498    0100000010010100
     910   10500    0010000010010100
     911   10504    0001000010010100
     912   10512    0000100010010100
     913   10528    0000010010010100
     914   10560    0000001010010100
     915   10624    0000000110010100
     916   10753    1000000001010100
     917   10754    0100000001010100
     918   10756    0010000001010100
     919   10760    0001000001010100
     920   10768    0000100001010100
     921   10784    0000010001010100
     922   10816    0000001001010100
     923   10880    0000000101010100
     924   11008    0000000011010100
     925   11265    1000000000110100
     926   11266    0100000000110100
     927   11268    0010000000110100
     928   11272    0001000000110100
     929   11280    0000100000110100
     930   11296    0000010000110100
     931   11328    0000001000110100
     932   11392    0000000100110100
     933   11520    0000000010110100
     934   11776    0000000001110100
     935   12291    1100000000001100
     936   12293    1010000000001100
     937   12294    0110000000001100
     938   12297    1001000000001100
     939   12298    0101000000001100
     940   12300    0011000000001100
     941   12305    1000100000001100
     942   12306    0100100000001100
     943   12308    0010100000001100
     944   12312    0001100000001100
     945   12321    1000010000001100
     946   12322    0100010000001100
     947   12324    0010010000001100
     948   12328    0001010000001100
     949   12336    0000110000001100
     950   12353    1000001000001100
     951   12354    0100001000001100
     952   12356    0010001000001100
     953   12360    0001001000001100
     954   12368    0000101000001100
     955   12384    0000011000001100
     956   12417    1000000100001100
     957   12418    0100000100001100
     958   12420    0010000100001100
     959   12424    0001000100001100
     960   12432    0000100100001100
     961   12448    0000010100001100
     962   12480    0000001100001100
     963   12545    1000000010001100
     964   12546    0100000010001100
     965   12548    0010000010001100
     966   12552    0001000010001100
     967   12560    0000100010001100
     968   12576    0000010010001100
     969   12608    0000001010001100
     970   12672    0000000110001100
     971   12801    1000000001001100
     972   12802    0100000001001100
     973   12804    0010000001001100
     974   12808    0001000001001100
     975   12816    0000100001001100
     976   12832    0000010001001100
     977   12864    0000001001001100
     978   12928    0000000101001100
     979   13056    0000000011001100
     980   13313    1000000000101100
     981   13314    0100000000101100
     982   13316    0010000000101100
     983   13320    0001000000101100
     984   13328    0000100000101100
     985   13344    0000010000101100
     986   13376    0000001000101100
     987   13440    0000000100101100
     988   13568    0000000010101100
     989   13824    0000000001101100
     990   14337    1000000000011100
     991   14338    0100000000011100
     992   14340    0010000000011100
     993   14344    0001000000011100
     994   14352    0000100000011100
     995   14368    0000010000011100
     996   14400    0000001000011100
     997   14464    0000000100011100
     998   14592    0000000010011100
     999   14848    0000000001011100
    1000   15360    0000000000111100
    1001   16391    1110000000000010
    1002   16395    1101000000000010
    1003   16397    1011000000000010
    1004   16398    0111000000000010
    1005   16403    1100100000000010
    1006   16405    1010100000000010
    1007   16406    0110100000000010
    1008   16409    1001100000000010
    1009   16410    0101100000000010
    1010   16412    0011100000000010
    1011   16419    1100010000000010
    1012   16421    1010010000000010
    1013   16422    0110010000000010
    1014   16425    1001010000000010
    1015   16426    0101010000000010
    1016   16428    0011010000000010
    1017   16433    1000110000000010
    1018   16434    0100110000000010
    1019   16436    0010110000000010
    1020   16440    0001110000000010
    1021   16451    1100001000000010
    1022   16453    1010001000000010
    1023   16454    0110001000000010
    1024   16457    1001001000000010
    1025   16458    0101001000000010
    1026   16460    0011001000000010
    1027   16465    1000101000000010
    1028   16466    0100101000000010
    1029   16468    0010101000000010
    1030   16472    0001101000000010
    1031   16481    1000011000000010
    1032   16482    0100011000000010
    1033   16484    0010011000000010
    1034   16488    0001011000000010
    1035   16496    0000111000000010
    1036   16515    1100000100000010
    1037   16517    1010000100000010
    1038   16518    0110000100000010
    1039   16521    1001000100000010
    1040   16522    0101000100000010
    1041   16524    0011000100000010
    1042   16529    1000100100000010
    1043   16530    0100100100000010
    1044   16532    0010100100000010
    1045   16536    0001100100000010
    1046   16545    1000010100000010
    1047   16546    0100010100000010
    1048   16548    0010010100000010
    1049   16552    0001010100000010
    1050   16560    0000110100000010
    1051   16577    1000001100000010
    1052   16578    0100001100000010
    1053   16580    0010001100000010
    1054   16584    0001001100000010
    1055   16592    0000101100000010
    1056   16608    0000011100000010
    1057   16643    1100000010000010
    1058   16645    1010000010000010
    1059   16646    0110000010000010
    1060   16649    1001000010000010
    1061   16650    0101000010000010
    1062   16652    0011000010000010
    1063   16657    1000100010000010
    1064   16658    0100100010000010
    1065   16660    0010100010000010
    1066   16664    0001100010000010
    1067   16673    1000010010000010
    1068   16674    0100010010000010
    1069   16676    0010010010000010
    1070   16680    0001010010000010
    1071   16688    0000110010000010
    1072   16705    1000001010000010
    1073   16706    0100001010000010
    1074   16708    0010001010000010
    1075   16712    0001001010000010
    1076   16720    0000101010000010
    1077   16736    0000011010000010
    1078   16769    1000000110000010
    1079   16770    0100000110000010
    1080   16772    0010000110000010
    1081   16776    0001000110000010
    1082   16784    0000100110000010
    1083   16800    0000010110000010
    1084   16832    0000001110000010
    1085   16899    1100000001000010
    1086   16901    1010000001000010
    1087   16902    0110000001000010
    1088   16905    1001000001000010
    1089   16906    0101000001000010
    1090   16908    0011000001000010
    1091   16913    1000100001000010
    1092   16914    0100100001000010
    1093   16916    0010100001000010
    1094   16920    0001100001000010
    1095   16929    1000010001000010
    1096   16930    0100010001000010
    1097   16932    0010010001000010
    1098   16936    0001010001000010
    1099   16944    0000110001000010
    1100   16961    1000001001000010
    1101   16962    0100001001000010
    1102   16964    0010001001000010
    1103   16968    0001001001000010
    1104   16976    0000101001000010
    1105   16992    0000011001000010
    1106   17025    1000000101000010
    1107   17026    0100000101000010
    1108   17028    0010000101000010
    1109   17032    0001000101000010
    1110   17040    0000100101000010
    1111   17056    0000010101000010
    1112   17088    0000001101000010
    1113   17153    1000000011000010
    1114   17154    0100000011000010
    1115   17156    0010000011000010
    1116   17160    0001000011000010
    1117   17168    0000100011000010
    1118   17184    0000010011000010
    1119   17216    0000001011000010
    1120   17280    0000000111000010
    1121   17411    1100000000100010
    1122   17413    1010000000100010
    1123   17414    0110000000100010
    1124   17417    1001000000100010
    1125   17418    0101000000100010
    1126   17420    0011000000100010
    1127   17425    1000100000100010
    1128   17426    0100100000100010
    1129   17428    0010100000100010
    1130   17432    0001100000100010
    1131   17441    1000010000100010
    1132   17442    0100010000100010
    1133   17444    0010010000100010
    1134   17448    0001010000100010
    1135   17456    0000110000100010
    1136   17473    1000001000100010
    1137   17474    0100001000100010
    1138   17476    0010001000100010
    1139   17480    0001001000100010
    1140   17488    0000101000100010
    1141   17504    0000011000100010
    1142   17537    1000000100100010
    1143   17538    0100000100100010
    1144   17540    0010000100100010
    1145   17544    0001000100100010
    1146   17552    0000100100100010
    1147   17568    0000010100100010
    1148   17600    0000001100100010
    1149   17665    1000000010100010
    1150   17666    0100000010100010
    1151   17668    0010000010100010
    1152   17672    0001000010100010
    1153   17680    0000100010100010
    1154   17696    0000010010100010
    1155   17728    0000001010100010
    1156   17792    0000000110100010
    1157   17921    1000000001100010
    1158   17922    0100000001100010
    1159   17924    0010000001100010
    1160   17928    0001000001100010
    1161   17936    0000100001100010
    1162   17952    0000010001100010
    1163   17984    0000001001100010
    1164   18048    0000000101100010
    1165   18176    0000000011100010
    1166   18435    1100000000010010
    1167   18437    1010000000010010
    1168   18438    0110000000010010
    1169   18441    1001000000010010
    1170   18442    0101000000010010
    1171   18444    0011000000010010
    1172   18449    1000100000010010
    1173   18450    0100100000010010
    1174   18452    0010100000010010
    1175   18456    0001100000010010
    1176   18465    1000010000010010
    1177   18466    0100010000010010
    1178   18468    0010010000010010
    1179   18472    0001010000010010
    1180   18480    0000110000010010
    1181   18497    1000001000010010
    1182   18498    0100001000010010
    1183   18500    0010001000010010
    1184   18504    0001001000010010
    1185   18512    0000101000010010
    1186   18528    0000011000010010
    1187   18561    1000000100010010
    1188   18562    0100000100010010
    1189   18564    0010000100010010
    1190   18568    0001000100010010
    1191   18576    0000100100010010
    1192   18592    0000010100010010
    1193   18624    0000001100010010
    1194   18689    1000000010010010
    1195   18690    0100000010010010
    1196   18692    0010000010010010
    1197   18696    0001000010010010
    1198   18704    0000100010010010
    1199   18720    0000010010010010
    1200   18752    0000001010010010
    1201   18816    0000000110010010
    1202   18945    1000000001010010
    1203   18946    0100000001010010
    1204   18948    0010000001010010
    1205   18952    0001000001010010
    1206   18960    0000100001010010
    1207   18976    0000010001010010
    1208   19008    0000001001010010
    1209   19072    0000000101010010
    1210   19200    0000000011010010
    1211   19457    1000000000110010
    1212   19458    0100000000110010
    1213   19460    0010000000110010
    1214   19464    0001000000110010
    1215   19472    0000100000110010
    1216   19488    0000010000110010
    1217   19520    0000001000110010
    1218   19584    0000000100110010
    1219   19712    0000000010110010
    1220   19968    0000000001110010
    1221   20483    1100000000001010
    1222   20485    1010000000001010
    1223   20486    0110000000001010
    1224   20489    1001000000001010
    1225   20490    0101000000001010
    1226   20492    0011000000001010
    1227   20497    1000100000001010
    1228   20498    0100100000001010
    1229   20500    0010100000001010
    1230   20504    0001100000001010
    1231   20513    1000010000001010
    1232   20514    0100010000001010
    1233   20516    0010010000001010
    1234   20520    0001010000001010
    1235   20528    0000110000001010
    1236   20545    1000001000001010
    1237   20546    0100001000001010
    1238   20548    0010001000001010
    1239   20552    0001001000001010
    1240   20560    0000101000001010
    1241   20576    0000011000001010
    1242   20609    1000000100001010
    1243   20610    0100000100001010
    1244   20612    0010000100001010
    1245   20616    0001000100001010
    1246   20624    0000100100001010
    1247   20640    0000010100001010
    1248   20672    0000001100001010
    1249   20737    1000000010001010
    1250   20738    0100000010001010
    1251   20740    0010000010001010
    1252   20744    0001000010001010
    1253   20752    0000100010001010
    1254   20768    0000010010001010
    1255   20800    0000001010001010
    1256   20864    0000000110001010
    1257   20993    1000000001001010
    1258   20994    0100000001001010
    1259   20996    0010000001001010
    1260   21000    0001000001001010
    1261   21008    0000100001001010
    1262   21024    0000010001001010
    1263   21056    0000001001001010
    1264   21120    0000000101001010
    1265   21248    0000000011001010
    1266   21505    1000000000101010
    1267   21506    0100000000101010
    1268   21508    0010000000101010
    1269   21512    0001000000101010
    1270   21520    0000100000101010
    1271   21536    0000010000101010
    1272   21568    0000001000101010
    1273   21632    0000000100101010
    1274   21760    0000000010101010
    1275   22016    0000000001101010
    1276   22529    1000000000011010
    1277   22530    0100000000011010
    1278   22532    0010000000011010
    1279   22536    0001000000011010
    1280   22544    0000100000011010
    1281   22560    0000010000011010
    1282   22592    0000001000011010
    1283   22656    0000000100011010
    1284   22784    0000000010011010
    1285   23040    0000000001011010
    1286   23552    0000000000111010
    1287   24579    1100000000000110
    1288   24581    1010000000000110
    1289   24582    0110000000000110
    1290   24585    1001000000000110
    1291   24586    0101000000000110
    1292   24588    0011000000000110
    1293   24593    1000100000000110
    1294   24594    0100100000000110
    1295   24596    0010100000000110
    1296   24600    0001100000000110
    1297   24609    1000010000000110
    1298   24610    0100010000000110
    1299   24612    0010010000000110
    1300   24616    0001010000000110
    1301   24624    0000110000000110
    1302   24641    1000001000000110
    1303   24642    0100001000000110
    1304   24644    0010001000000110
    1305   24648    0001001000000110
    1306   24656    0000101000000110
    1307   24672    0000011000000110
    1308   24705    1000000100000110
    1309   24706    0100000100000110
    1310   24708    0010000100000110
    1311   24712    0001000100000110
    1312   24720    0000100100000110
    1313   24736    0000010100000110
    1314   24768    0000001100000110
    1315   24833    1000000010000110
    1316   24834    0100000010000110
    1317   24836    0010000010000110
    1318   24840    0001000010000110
    1319   24848    0000100010000110
    1320   24864    0000010010000110
    1321   24896    0000001010000110
    1322   24960    0000000110000110
    1323   25089    1000000001000110
    1324   25090    0100000001000110
    1325   25092    0010000001000110
    1326   25096    0001000001000110
    1327   25104    0000100001000110
    1328   25120    0000010001000110
    1329   25152    0000001001000110
    1330   25216    0000000101000110
    1331   25344    0000000011000110
    1332   25601    1000000000100110
    1333   25602    0100000000100110
    1334   25604    0010000000100110
    1335   25608    0001000000100110
    1336   25616    0000100000100110
    1337   25632    0000010000100110
    1338   25664    0000001000100110
    1339   25728    0000000100100110
    1340   25856    0000000010100110
    1341   26112    0000000001100110
    1342   26625    1000000000010110
    1343   26626    0100000000010110
    1344   26628    0010000000010110
    1345   26632    0001000000010110
    1346   26640    0000100000010110
    1347   26656    0000010000010110
    1348   26688    0000001000010110
    1349   26752    0000000100010110
    1350   26880    0000000010010110
    1351   27136    0000000001010110
    1352   27648    0000000000110110
    1353   28673    1000000000001110
    1354   28674    0100000000001110
    1355   28676    0010000000001110
    1356   28680    0001000000001110
    1357   28688    0000100000001110
    1358   28704    0000010000001110
    1359   28736    0000001000001110
    1360   28800    0000000100001110
    1361   28928    0000000010001110
    1362   29184    0000000001001110
    1363   29696    0000000000101110
    1364   30720    0000000000011110
    1365   32775    1110000000000001
    1366   32779    1101000000000001
    1367   32781    1011000000000001
    1368   32782    0111000000000001
    1369   32787    1100100000000001
    1370   32789    1010100000000001
    1371   32790    0110100000000001
    1372   32793    1001100000000001
    1373   32794    0101100000000001
    1374   32796    0011100000000001
    1375   32803    1100010000000001
    1376   32805    1010010000000001
    1377   32806    0110010000000001
    1378   32809    1001010000000001
    1379   32810    0101010000000001
    1380   32812    0011010000000001
    1381   32817    1000110000000001
    1382   32818    0100110000000001
    1383   32820    0010110000000001
    1384   32824    0001110000000001
    1385   32835    1100001000000001
    1386   32837    1010001000000001
    1387   32838    0110001000000001
    1388   32841    1001001000000001
    1389   32842    0101001000000001
    1390   32844    0011001000000001
    1391   32849    1000101000000001
    1392   32850    0100101000000001
    1393   32852    0010101000000001
    1394   32856    0001101000000001
    1395   32865    1000011000000001
    1396   32866    0100011000000001
    1397   32868    0010011000000001
    1398   32872    0001011000000001
    1399   32880    0000111000000001
    1400   32899    1100000100000001
    1401   32901    1010000100000001
    1402   32902    0110000100000001
    1403   32905    1001000100000001
    1404   32906    0101000100000001
    1405   32908    0011000100000001
    1406   32913    1000100100000001
    1407   32914    0100100100000001
    1408   32916    0010100100000001
    1409   32920    0001100100000001
    1410   32929    1000010100000001
    1411   32930    0100010100000001
    1412   32932    0010010100000001
    1413   32936    0001010100000001
    1414   32944    0000110100000001
    1415   32961    1000001100000001
    1416   32962    0100001100000001
    1417   32964    0010001100000001
    1418   32968    0001001100000001
    1419   32976    0000101100000001
    1420   32992    0000011100000001
    1421   33027    1100000010000001
    1422   33029    1010000010000001
    1423   33030    0110000010000001
    1424   33033    1001000010000001
    1425   33034    0101000010000001
    1426   33036    0011000010000001
    1427   33041    1000100010000001
    1428   33042    0100100010000001
    1429   33044    0010100010000001
    1430   33048    0001100010000001
    1431   33057    1000010010000001
    1432   33058    0100010010000001
    1433   33060    0010010010000001
    1434   33064    0001010010000001
    1435   33072    0000110010000001
    1436   33089    1000001010000001
    1437   33090    0100001010000001
    1438   33092    0010001010000001
    1439   33096    0001001010000001
    1440   33104    0000101010000001
    1441   33120    0000011010000001
    1442   33153    1000000110000001
    1443   33154    0100000110000001
    1444   33156    0010000110000001
    1445   33160    0001000110000001
    1446   33168    0000100110000001
    1447   33184    0000010110000001
    1448   33216    0000001110000001
    1449   33283    1100000001000001
    1450   33285    1010000001000001
    1451   33286    0110000001000001
    1452   33289    1001000001000001
    1453   33290    0101000001000001
    1454   33292    0011000001000001
    1455   33297    1000100001000001
    1456   33298    0100100001000001
    1457   33300    0010100001000001
    1458   33304    0001100001000001
    1459   33313    1000010001000001
    1460   33314    0100010001000001
    1461   33316    0010010001000001
    1462   33320    0001010001000001
    1463   33328    0000110001000001
    1464   33345    1000001001000001
    1465   33346    0100001001000001
    1466   33348    0010001001000001
    1467   33352    0001001001000001
    1468   33360    0000101001000001
    1469   33376    0000011001000001
    1470   33409    1000000101000001
    1471   33410    0100000101000001
    1472   33412    0010000101000001
    1473   33416    0001000101000001
    1474   33424    0000100101000001
    1475   33440    0000010101000001
    1476   33472    0000001101000001
    1477   33537    1000000011000001
    1478   33538    0100000011000001
    1479   33540    0010000011000001
    1480   33544    0001000011000001
    1481   33552    0000100011000001
    1482   33568    0000010011000001
    1483   33600    0000001011000001
    1484   33664    0000000111000001
    1485   33795    1100000000100001
    1486   33797    1010000000100001
    1487   33798    0110000000100001
    1488   33801    1001000000100001
    1489   33802    0101000000100001
    1490   33804    0011000000100001
    1491   33809    1000100000100001
    1492   33810    0100100000100001
    1493   33812    0010100000100001
    1494   33816    0001100000100001
    1495   33825    1000010000100001
    1496   33826    0100010000100001
    1497   33828    0010010000100001
    1498   33832    0001010000100001
    1499   33840    0000110000100001
    1500   33857    1000001000100001
    1501   33858    0100001000100001
    1502   33860    0010001000100001
    1503   33864    0001001000100001
    1504   33872    0000101000100001
    1505   33888    0000011000100001
    1506   33921    1000000100100001
    1507   33922    0100000100100001
    1508   33924    0010000100100001
    1509   33928    0001000100100001
    1510   33936    0000100100100001
    1511   33952    0000010100100001
    1512   33984    0000001100100001
    1513   34049    1000000010100001
    1514   34050    0100000010100001
    1515   34052    0010000010100001
    1516   34056    0001000010100001
    1517   34064    0000100010100001
    1518   34080    0000010010100001
    1519   34112    0000001010100001
    1520   34176    0000000110100001
    1521   34305    1000000001100001
    1522   34306    0100000001100001
    1523   34308    0010000001100001
    1524   34312    0001000001100001
    1525   34320    0000100001100001
    1526   34336    0000010001100001
    1527   34368    0000001001100001
    1528   34432    0000000101100001
    1529   34560    0000000011100001
    1530   34819    1100000000010001
    1531   34821    1010000000010001
    1532   34822    0110000000010001
    1533   34825    1001000000010001
    1534   34826    0101000000010001
    1535   34828    0011000000010001
    1536   34833    1000100000010001
    1537   34834    0100100000010001
    1538   34836    0010100000010001
    1539   34840    0001100000010001
    1540   34849    1000010000010001
    1541   34850    0100010000010001
    1542   34852    0010010000010001
    1543   34856    0001010000010001
    1544   34864    0000110000010001
    1545   34881    1000001000010001
    1546   34882    0100001000010001
    1547   34884    0010001000010001
    1548   34888    0001001000010001
    1549   34896    0000101000010001
    1550   34912    0000011000010001
    1551   34945    1000000100010001
    1552   34946    0100000100010001
    1553   34948    0010000100010001
    1554   34952    0001000100010001
    1555   34960    0000100100010001
    1556   34976    0000010100010001
    1557   35008    0000001100010001
    1558   35073    1000000010010001
    1559   35074    0100000010010001
    1560   35076    0010000010010001
    1561   35080    0001000010010001
    1562   35088    0000100010010001
    1563   35104    0000010010010001
    1564   35136    0000001010010001
    1565   35200    0000000110010001
    1566   35329    1000000001010001
    1567   35330    0100000001010001
    1568   35332    0010000001010001
    1569   35336    0001000001010001
    1570   35344    0000100001010001
    1571   35360    0000010001010001
    1572   35392    0000001001010001
    1573   35456    0000000101010001
    1574   35584    0000000011010001
    1575   35841    1000000000110001
    1576   35842    0100000000110001
    1577   35844    0010000000110001
    1578   35848    0001000000110001
    1579   35856    0000100000110001
    1580   35872    0000010000110001
    1581   35904    0000001000110001
    1582   35968    0000000100110001
    1583   36096    0000000010110001
    1584   36352    0000000001110001
    1585   36867    1100000000001001
    1586   36869    1010000000001001
    1587   36870    0110000000001001
    1588   36873    1001000000001001
    1589   36874    0101000000001001
    1590   36876    0011000000001001
    1591   36881    1000100000001001
    1592   36882    0100100000001001
    1593   36884    0010100000001001
    1594   36888    0001100000001001
    1595   36897    1000010000001001
    1596   36898    0100010000001001
    1597   36900    0010010000001001
    1598   36904    0001010000001001
    1599   36912    0000110000001001
    1600   36929    1000001000001001
    1601   36930    0100001000001001
    1602   36932    0010001000001001
    1603   36936    0001001000001001
    1604   36944    0000101000001001
    1605   36960    0000011000001001
    1606   36993    1000000100001001
    1607   36994    0100000100001001
    1608   36996    0010000100001001
    1609   37000    0001000100001001
    1610   37008    0000100100001001
    1611   37024    0000010100001001
    1612   37056    0000001100001001
    1613   37121    1000000010001001
    1614   37122    0100000010001001
    1615   37124    0010000010001001
    1616   37128    0001000010001001
    1617   37136    0000100010001001
    1618   37152    0000010010001001
    1619   37184    0000001010001001
    1620   37248    0000000110001001
    1621   37377    1000000001001001
    1622   37378    0100000001001001
    1623   37380    0010000001001001
    1624   37384    0001000001001001
    1625   37392    0000100001001001
    1626   37408    0000010001001001
    1627   37440    0000001001001001
    1628   37504    0000000101001001
    1629   37632    0000000011001001
    1630   37889    1000000000101001
    1631   37890    0100000000101001
    1632   37892    0010000000101001
    1633   37896    0001000000101001
    1634   37904    0000100000101001
    1635   37920    0000010000101001
    1636   37952    0000001000101001
    1637   38016    0000000100101001
    1638   38144    0000000010101001
    1639   38400    0000000001101001
    1640   38913    1000000000011001
    1641   38914    0100000000011001
    1642   38916    0010000000011001
    1643   38920    0001000000011001
    1644   38928    0000100000011001
    1645   38944    0000010000011001
    1646   38976    0000001000011001
    1647   39040    0000000100011001
    1648   39168    0000000010011001
    1649   39424    0000000001011001
    1650   39936    0000000000111001
    1651   40963    1100000000000101
    1652   40965    1010000000000101
    1653   40966    0110000000000101
    1654   40969    1001000000000101
    1655   40970    0101000000000101
    1656   40972    0011000000000101
    1657   40977    1000100000000101
    1658   40978    0100100000000101
    1659   40980    0010100000000101
    1660   40984    0001100000000101
    1661   40993    1000010000000101
    1662   40994    0100010000000101
    1663   40996    0010010000000101
    1664   41000    0001010000000101
    1665   41008    0000110000000101
    1666   41025    1000001000000101
    1667   41026    0100001000000101
    1668   41028    0010001000000101
    1669   41032    0001001000000101
    1670   41040    0000101000000101
    1671   41056    0000011000000101
    1672   41089    1000000100000101
    1673   41090    0100000100000101
    1674   41092    0010000100000101
    1675   41096    0001000100000101
    1676   41104    0000100100000101
    1677   41120    0000010100000101
    1678   41152    0000001100000101
    1679   41217    1000000010000101
    1680   41218    0100000010000101
    1681   41220    0010000010000101
    1682   41224    0001000010000101
    1683   41232    0000100010000101
    1684   41248    0000010010000101
    1685   41280    0000001010000101
    1686   41344    0000000110000101
    1687   41473    1000000001000101
    1688   41474    0100000001000101
    1689   41476    0010000001000101
    1690   41480    0001000001000101
    1691   41488    0000100001000101
    1692   41504    0000010001000101
    1693   41536    0000001001000101
    1694   41600    0000000101000101
    1695   41728    0000000011000101
    1696   41985    1000000000100101
    1697   41986    0100000000100101
    1698   41988    0010000000100101
    1699   41992    0001000000100101
    1700   42000    0000100000100101
    1701   42016    0000010000100101
    1702   42048    0000001000100101
    1703   42112    0000000100100101
    1704   42240    0000000010100101
    1705   42496    0000000001100101
    1706   43009    1000000000010101
    1707   43010    0100000000010101
    1708   43012    0010000000010101
    1709   43016    0001000000010101
    1710   43024    0000100000010101
    1711   43040    0000010000010101
    1712   43072    0000001000010101
    1713   43136    0000000100010101
    1714   43264    0000000010010101
    1715   43520    0000000001010101
    1716   44032    0000000000110101
    1717   45057    1000000000001101
    1718   45058    0100000000001101
    1719   45060    0010000000001101
    1720   45064    0001000000001101
    1721   45072    0000100000001101
    1722   45088    0000010000001101
    1723   45120    0000001000001101
    1724   45184    0000000100001101
    1725   45312    0000000010001101
    1726   45568    0000000001001101
    1727   46080    0000000000101101
    1728   47104    0000000000011101
    1729   49155    1100000000000011
    1730   49157    1010000000000011
    1731   49158    0110000000000011
    1732   49161    1001000000000011
    1733   49162    0101000000000011
    1734   49164    0011000000000011
    1735   49169    1000100000000011
    1736   49170    0100100000000011
    1737   49172    0010100000000011
    1738   49176    0001100000000011
    1739   49185    1000010000000011
    1740   49186    0100010000000011
    1741   49188    0010010000000011
    1742   49192    0001010000000011
    1743   49200    0000110000000011
    1744   49217    1000001000000011
    1745   49218    0100001000000011
    1746   49220    0010001000000011
    1747   49224    0001001000000011
    1748   49232    0000101000000011
    1749   49248    0000011000000011
    1750   49281    1000000100000011
    1751   49282    0100000100000011
    1752   49284    0010000100000011
    1753   49288    0001000100000011
    1754   49296    0000100100000011
    1755   49312    0000010100000011
    1756   49344    0000001100000011
    1757   49409    1000000010000011
    1758   49410    0100000010000011
    1759   49412    0010000010000011
    1760   49416    0001000010000011
    1761   49424    0000100010000011
    1762   49440    0000010010000011
    1763   49472    0000001010000011
    1764   49536    0000000110000011
    1765   49665    1000000001000011
    1766   49666    0100000001000011
    1767   49668    0010000001000011
    1768   49672    0001000001000011
    1769   49680    0000100001000011
    1770   49696    0000010001000011
    1771   49728    0000001001000011
    1772   49792    0000000101000011
    1773   49920    0000000011000011
    1774   50177    1000000000100011
    1775   50178    0100000000100011
    1776   50180    0010000000100011
    1777   50184    0001000000100011
    1778   50192    0000100000100011
    1779   50208    0000010000100011
    1780   50240    0000001000100011
    1781   50304    0000000100100011
    1782   50432    0000000010100011
    1783   50688    0000000001100011
    1784   51201    1000000000010011
    1785   51202    0100000000010011
    1786   51204    0010000000010011
    1787   51208    0001000000010011
    1788   51216    0000100000010011
    1789   51232    0000010000010011
    1790   51264    0000001000010011
    1791   51328    0000000100010011
    1792   51456    0000000010010011
    1793   51712    0000000001010011
    1794   52224    0000000000110011
    1795   53249    1000000000001011
    1796   53250    0100000000001011
    1797   53252    0010000000001011
    1798   53256    0001000000001011
    1799   53264    0000100000001011
    1800   53280    0000010000001011
    1801   53312    0000001000001011
    1802   53376    0000000100001011
    1803   53504    0000000010001011
    1804   53760    0000000001001011
    1805   54272    0000000000101011
    1806   55296    0000000000011011
    1807   57345    1000000000000111
    1808   57346    0100000000000111
    1809   57348    0010000000000111
    1810   57352    0001000000000111
    1811   57360    0000100000000111
    1812   57376    0000010000000111
    1813   57408    0000001000000111
    1814   57472    0000000100000111
    1815   57600    0000000010000111
    1816   57856    0000000001000111
    1817   58368    0000000000100111
    1818   59392    0000000000010111
    1819   61440    0000000000001111
