       0       0        0.000000        0.000000
       0       0        0.000000        0.000000
       0       0        0.000000        0.000000
       0       0        0.000000        0.000000
       0       0        0.000000        0.000000
       0       0        0.000000        0.000000
       0       0        0.000000        0.000000
       0       0        0.000000        0.000000
       0       0        0.000000        0.000000
       0       0        0.000000        0.000000
       0       0        0.000000        0.000000
       0       0        0.000000        0.000000
       0       0        0.000000        0.000000
       0       0        0.000000        0.000000
       0       0        0.000000        0.000000
       0       0        0.000000        0.000000
       0       0        0.000000        0.000000
       0       0        0.000000        0.000000
       0       0        0.000000        0.000000
       0       0        0.000000        0.000000
       0       0        0.000000        0.000000
       0       0        0.000000        0.000000
       0       0        0.000000        0.000000
       0       0        0.000000        0.000000
       0       0        0.000000        0.000000
       0       0        0.000000        0.000000
1192276416       0        0.000000        0.000000
   11137       0        0.000000        0.000000
      -1       0        0.000000        0.000000
       0       0        0.000000        0.000000
       0       0        0.000000        0.000000
       0       0        0.000000        0.000000
       0       0        0.000000        0.000000
       0       0        0.000000        0.000000
18671680       0        0.000000        0.000000
       0       0        0.000000        0.000000
      -1       0        0.000000        0.000000
      -1       0        0.000000        0.000000
       0       0        0.000000        0.000000
       0       0        0.000000        0.000000
18671696       0        0.000000        0.000000
       0       0        0.000000        0.000000
       0       0        0.000000        0.000000
       0       0        0.000000        0.000000
       0       0        0.000000        0.000000
       0       0        0.000000        0.000000
       0       0        0.000000        0.000000
       0       0        0.000000        0.000000
      -1       0        0.000000        0.000000
       0       0        0.000000        0.000000
       0       0        0.000000        0.000000
       0       0        0.000000        0.000000
       0       0        0.000000        0.000000
       0       0        0.000000        0.000000
1192260512       0        0.000000        0.000000
   11137       0        0.000000        0.000000
       0       0        0.000000        0.000000
       0       0        0.000000        0.000000
       0       0        0.000000        0.000000
       0       0        0.000000        0.000000
       0       0        0.000000        0.000000
       0       0        0.000000        0.000000
       0       0        0.000000        0.000000
       0       0        0.000000        0.000000
