       0       7             1110 0000
       1      11             1101 0000
       2      13             1011 0000
       3      14             0111 0000
       4      19             1100 1000
       5      21             1010 1000
       6      22             0110 1000
       7      25             1001 1000
       8      26             0101 1000
       9      28             0011 1000
      10      35             1100 0100
      11      37             1010 0100
      12      38             0110 0100
      13      41             1001 0100
      14      42             0101 0100
      15      44             0011 0100
      16      49             1000 1100
      17      50             0100 1100
      18      52             0010 1100
      19      56             0001 1100
      20      67             1100 0010
      21      69             1010 0010
      22      70             0110 0010
      23      73             1001 0010
      24      74             0101 0010
      25      76             0011 0010
      26      81             1000 1010
      27      82             0100 1010
      28      84             0010 1010
      29      88             0001 1010
      30      97             1000 0110
      31      98             0100 0110
      32     100             0010 0110
      33     104             0001 0110
      34     112             0000 1110
      35     131             1100 0001
      36     133             1010 0001
      37     134             0110 0001
      38     137             1001 0001
      39     138             0101 0001
      40     140             0011 0001
      41     145             1000 1001
      42     146             0100 1001
      43     148             0010 1001
      44     152             0001 1001
      45     161             1000 0101
      46     162             0100 0101
      47     164             0010 0101
      48     168             0001 0101
      49     176             0000 1101
      50     193             1000 0011
      51     194             0100 0011
      52     196             0010 0011
      53     200             0001 0011
      54     208             0000 1011
      55     224             0000 0111
