       0       0        0.300000        0.000000
       1       0       -1.000000        0.000000
       3       0       -1.000000        0.000000
       0       1       -1.000000        0.000000
       1       1        0.400000        0.000000
       2       1       -1.000000        0.000000
       1       2       -1.000000        0.000000
       2       2        0.500000        0.000000
       3       2       -1.000000        0.000000
       0       3       -1.000000        0.000000
       2       3       -1.000000        0.000000
       3       3        0.600000        0.000000
       4       4        0.100000        0.000000
       5       4       -1.000000        0.000000
       8       4       -1.000000        0.000000
      10       4       -1.000000        0.000000
      35       4       -1.000000        0.000000
       4       5       -1.000000        0.000000
       5       5        0.200000        0.000000
       6       5       -1.000000        0.000000
       7       5       -1.000000        0.000000
       9       5       -1.000000        0.000000
      11       5       -1.000000        0.000000
      36       5       -1.000000        0.000000
       5       6       -1.000000        0.000000
       6       6        0.300000        0.000000
       8       6       -1.000000        0.000000
      12       6       -1.000000        0.000000
      37       6       -1.000000        0.000000
       5       7       -1.000000        0.000000
       7       7        0.300000        0.000000
       8       7       -1.000000        0.000000
      13       7       -1.000000        0.000000
      38       7       -1.000000        0.000000
       4       8       -1.000000        0.000000
       6       8       -1.000000        0.000000
       7       8       -1.000000        0.000000
       8       8        0.400000        0.000000
       9       8       -1.000000        0.000000
      14       8       -1.000000        0.000000
      39       8       -1.000000        0.000000
       5       9       -1.000000        0.000000
       8       9       -1.000000        0.000000
       9       9        0.500000        0.000000
      15       9       -1.000000        0.000000
      40       9       -1.000000        0.000000
       4      10       -1.000000        0.000000
      10      10        0.200000        0.000000
      11      10       -1.000000        0.000000
      14      10       -1.000000        0.000000
      20      10       -1.000000        0.000000
       5      11       -1.000000        0.000000
      10      11       -1.000000        0.000000
      11      11        0.300000        0.000000
      12      11       -1.000000        0.000000
      13      11       -1.000000        0.000000
      15      11       -1.000000        0.000000
      21      11       -1.000000        0.000000
       6      12       -1.000000        0.000000
      11      12       -1.000000        0.000000
      12      12        0.400000        0.000000
      14      12       -1.000000        0.000000
      22      12       -1.000000        0.000000
       7      13       -1.000000        0.000000
      11      13       -1.000000        0.000000
      13      13        0.400000        0.000000
      14      13       -1.000000        0.000000
      23      13       -1.000000        0.000000
       8      14       -1.000000        0.000000
      10      14       -1.000000        0.000000
      12      14       -1.000000        0.000000
      13      14       -1.000000        0.000000
      14      14        0.500000        0.000000
      15      14       -1.000000        0.000000
      24      14       -1.000000        0.000000
       9      15       -1.000000        0.000000
      11      15       -1.000000        0.000000
      14      15       -1.000000        0.000000
      15      15        0.600000        0.000000
      25      15       -1.000000        0.000000
      16      16        0.100000        0.000000
      17      16       -1.000000        0.000000
      19      16       -1.000000        0.000000
      26      16       -1.000000        0.000000
      45      16       -1.000000        0.000000
      16      17       -1.000000        0.000000
      17      17        0.200000        0.000000
      18      17       -1.000000        0.000000
      27      17       -1.000000        0.000000
      46      17       -1.000000        0.000000
      17      18       -1.000000        0.000000
      18      18        0.300000        0.000000
      19      18       -1.000000        0.000000
      28      18       -1.000000        0.000000
      47      18       -1.000000        0.000000
      16      19       -1.000000        0.000000
      18      19       -1.000000        0.000000
      19      19        0.400000        0.000000
      29      19       -1.000000        0.000000
      48      19       -1.000000        0.000000
      10      20       -1.000000        0.000000
      20      20        0.300000        0.000000
      21      20       -1.000000        0.000000
      24      20       -1.000000        0.000000
      35      20       -1.000000        0.000000
      11      21       -1.000000        0.000000
      20      21       -1.000000        0.000000
      21      21        0.400000        0.000000
      22      21       -1.000000        0.000000
      23      21       -1.000000        0.000000
      25      21       -1.000000        0.000000
      36      21       -1.000000        0.000000
      12      22       -1.000000        0.000000
      21      22       -1.000000        0.000000
      22      22        0.500000        0.000000
      24      22       -1.000000        0.000000
      37      22       -1.000000        0.000000
      13      23       -1.000000        0.000000
      21      23       -1.000000        0.000000
      23      23        0.500000        0.000000
      24      23       -1.000000        0.000000
      38      23       -1.000000        0.000000
      14      24       -1.000000        0.000000
      20      24       -1.000000        0.000000
      22      24       -1.000000        0.000000
      23      24       -1.000000        0.000000
      24      24        0.600000        0.000000
      25      24       -1.000000        0.000000
      39      24       -1.000000        0.000000
      15      25       -1.000000        0.000000
      21      25       -1.000000        0.000000
      24      25       -1.000000        0.000000
      25      25        0.700000        0.000000
      40      25       -1.000000        0.000000
      16      26       -1.000000        0.000000
      26      26        0.200000        0.000000
      27      26       -1.000000        0.000000
      29      26       -1.000000        0.000000
      30      26       -1.000000        0.000000
      41      26       -1.000000        0.000000
      50      26       -1.000000        0.000000
      17      27       -1.000000        0.000000
      26      27       -1.000000        0.000000
      27      27        0.300000        0.000000
      28      27       -1.000000        0.000000
      31      27       -1.000000        0.000000
      42      27       -1.000000        0.000000
      51      27       -1.000000        0.000000
      18      28       -1.000000        0.000000
      27      28       -1.000000        0.000000
      28      28        0.400000        0.000000
      29      28       -1.000000        0.000000
      32      28       -1.000000        0.000000
      43      28       -1.000000        0.000000
      52      28       -1.000000        0.000000
      19      29       -1.000000        0.000000
      26      29       -1.000000        0.000000
      28      29       -1.000000        0.000000
      29      29        0.500000        0.000000
      33      29       -1.000000        0.000000
      44      29       -1.000000        0.000000
      53      29       -1.000000        0.000000
      26      30       -1.000000        0.000000
      30      30        0.300000        0.000000
      31      30       -1.000000        0.000000
      33      30       -1.000000        0.000000
      45      30       -1.000000        0.000000
      27      31       -1.000000        0.000000
      30      31       -1.000000        0.000000
      31      31        0.400000        0.000000
      32      31       -1.000000        0.000000
      46      31       -1.000000        0.000000
      28      32       -1.000000        0.000000
      31      32       -1.000000        0.000000
      32      32        0.500000        0.000000
      33      32       -1.000000        0.000000
      47      32       -1.000000        0.000000
      29      33       -1.000000        0.000000
      30      33       -1.000000        0.000000
      32      33       -1.000000        0.000000
      33      33        0.600000        0.000000
      48      33       -1.000000        0.000000
      34      34        0.300000        0.000000
      49      34       -1.000000        0.000000
      55      34       -1.000000        0.000000
       4      35       -1.000000        0.000000
      20      35       -1.000000        0.000000
      35      35        0.400000        0.000000
      36      35       -1.000000        0.000000
      39      35       -1.000000        0.000000
       5      36       -1.000000        0.000000
      21      36       -1.000000        0.000000
      35      36       -1.000000        0.000000
      36      36        0.500000        0.000000
      37      36       -1.000000        0.000000
      38      36       -1.000000        0.000000
      40      36       -1.000000        0.000000
       6      37       -1.000000        0.000000
      22      37       -1.000000        0.000000
      36      37       -1.000000        0.000000
      37      37        0.600000        0.000000
      39      37       -1.000000        0.000000
       7      38       -1.000000        0.000000
      23      38       -1.000000        0.000000
      36      38       -1.000000        0.000000
      38      38        0.600000        0.000000
      39      38       -1.000000        0.000000
       8      39       -1.000000        0.000000
      24      39       -1.000000        0.000000
      35      39       -1.000000        0.000000
      37      39       -1.000000        0.000000
      38      39       -1.000000        0.000000
      39      39        0.700000        0.000000
      40      39       -1.000000        0.000000
       9      40       -1.000000        0.000000
      25      40       -1.000000        0.000000
      36      40       -1.000000        0.000000
      39      40       -1.000000        0.000000
      40      40        0.800000        0.000000
      26      41       -1.000000        0.000000
      41      41        0.300000        0.000000
      42      41       -1.000000        0.000000
      44      41       -1.000000        0.000000
      45      41       -1.000000        0.000000
      27      42       -1.000000        0.000000
      41      42       -1.000000        0.000000
      42      42        0.400000        0.000000
      43      42       -1.000000        0.000000
      46      42       -1.000000        0.000000
      28      43       -1.000000        0.000000
      42      43       -1.000000        0.000000
      43      43        0.500000        0.000000
      44      43       -1.000000        0.000000
      47      43       -1.000000        0.000000
      29      44       -1.000000        0.000000
      41      44       -1.000000        0.000000
      43      44       -1.000000        0.000000
      44      44        0.600000        0.000000
      48      44       -1.000000        0.000000
      16      45       -1.000000        0.000000
      30      45       -1.000000        0.000000
      41      45       -1.000000        0.000000
      45      45        0.400000        0.000000
      46      45       -1.000000        0.000000
      48      45       -1.000000        0.000000
      50      45       -1.000000        0.000000
      17      46       -1.000000        0.000000
      31      46       -1.000000        0.000000
      42      46       -1.000000        0.000000
      45      46       -1.000000        0.000000
      46      46        0.500000        0.000000
      47      46       -1.000000        0.000000
      51      46       -1.000000        0.000000
      18      47       -1.000000        0.000000
      32      47       -1.000000        0.000000
      43      47       -1.000000        0.000000
      46      47       -1.000000        0.000000
      47      47        0.600000        0.000000
      48      47       -1.000000        0.000000
      52      47       -1.000000        0.000000
      19      48       -1.000000        0.000000
      33      48       -1.000000        0.000000
      44      48       -1.000000        0.000000
      45      48       -1.000000        0.000000
      47      48       -1.000000        0.000000
      48      48        0.700000        0.000000
      53      48       -1.000000        0.000000
      34      49       -1.000000        0.000000
      49      49        0.400000        0.000000
      54      49       -1.000000        0.000000
      26      50       -1.000000        0.000000
      45      50       -1.000000        0.000000
      50      50        0.500000        0.000000
      51      50       -1.000000        0.000000
      53      50       -1.000000        0.000000
      27      51       -1.000000        0.000000
      46      51       -1.000000        0.000000
      50      51       -1.000000        0.000000
      51      51        0.600000        0.000000
      52      51       -1.000000        0.000000
      28      52       -1.000000        0.000000
      47      52       -1.000000        0.000000
      51      52       -1.000000        0.000000
      52      52        0.700000        0.000000
      53      52       -1.000000        0.000000
      29      53       -1.000000        0.000000
      48      53       -1.000000        0.000000
      50      53       -1.000000        0.000000
      52      53       -1.000000        0.000000
      53      53        0.800000        0.000000
      49      54       -1.000000        0.000000
      54      54        0.500000        0.000000
      55      54       -1.000000        0.000000
      34      55       -1.000000        0.000000
      54      55       -1.000000        0.000000
      55      55        0.600000        0.000000
