       0       7     11100000 00000000
       1      11     11010000 00000000
       2      13     10110000 00000000
       3      14     01110000 00000000
       4      19     11001000 00000000
       5      21     10101000 00000000
       6      22     01101000 00000000
       7      25     10011000 00000000
       8      26     01011000 00000000
       9      28     00111000 00000000
      10      35     11000100 00000000
      11      37     10100100 00000000
      12      38     01100100 00000000
      13      41     10010100 00000000
      14      42     01010100 00000000
      15      44     00110100 00000000
      16      49     10001100 00000000
      17      50     01001100 00000000
      18      52     00101100 00000000
      19      56     00011100 00000000
      20      67     11000010 00000000
      21      69     10100010 00000000
      22      70     01100010 00000000
      23      73     10010010 00000000
      24      74     01010010 00000000
      25      76     00110010 00000000
      26      81     10001010 00000000
      27      82     01001010 00000000
      28      84     00101010 00000000
      29      88     00011010 00000000
      30      97     10000110 00000000
      31      98     01000110 00000000
      32     100     00100110 00000000
      33     104     00010110 00000000
      34     112     00001110 00000000
      35     131     11000001 00000000
      36     133     10100001 00000000
      37     134     01100001 00000000
      38     137     10010001 00000000
      39     138     01010001 00000000
      40     140     00110001 00000000
      41     145     10001001 00000000
      42     146     01001001 00000000
      43     148     00101001 00000000
      44     152     00011001 00000000
      45     161     10000101 00000000
      46     162     01000101 00000000
      47     164     00100101 00000000
      48     168     00010101 00000000
      49     176     00001101 00000000
      50     193     10000011 00000000
      51     194     01000011 00000000
      52     196     00100011 00000000
      53     200     00010011 00000000
      54     208     00001011 00000000
      55     224     00000111 00000000
      56     259     11000000 10000000
      57     261     10100000 10000000
      58     262     01100000 10000000
      59     265     10010000 10000000
      60     266     01010000 10000000
      61     268     00110000 10000000
      62     273     10001000 10000000
      63     274     01001000 10000000
      64     276     00101000 10000000
      65     280     00011000 10000000
      66     289     10000100 10000000
      67     290     01000100 10000000
      68     292     00100100 10000000
      69     296     00010100 10000000
      70     304     00001100 10000000
      71     321     10000010 10000000
      72     322     01000010 10000000
      73     324     00100010 10000000
      74     328     00010010 10000000
      75     336     00001010 10000000
      76     352     00000110 10000000
      77     385     10000001 10000000
      78     386     01000001 10000000
      79     388     00100001 10000000
      80     392     00010001 10000000
      81     400     00001001 10000000
      82     416     00000101 10000000
      83     448     00000011 10000000
      84     515     11000000 01000000
      85     517     10100000 01000000
      86     518     01100000 01000000
      87     521     10010000 01000000
      88     522     01010000 01000000
      89     524     00110000 01000000
      90     529     10001000 01000000
      91     530     01001000 01000000
      92     532     00101000 01000000
      93     536     00011000 01000000
      94     545     10000100 01000000
      95     546     01000100 01000000
      96     548     00100100 01000000
      97     552     00010100 01000000
      98     560     00001100 01000000
      99     577     10000010 01000000
     100     578     01000010 01000000
     101     580     00100010 01000000
     102     584     00010010 01000000
     103     592     00001010 01000000
     104     608     00000110 01000000
     105     641     10000001 01000000
     106     642     01000001 01000000
     107     644     00100001 01000000
     108     648     00010001 01000000
     109     656     00001001 01000000
     110     672     00000101 01000000
     111     704     00000011 01000000
     112     769     10000000 11000000
     113     770     01000000 11000000
     114     772     00100000 11000000
     115     776     00010000 11000000
     116     784     00001000 11000000
     117     800     00000100 11000000
     118     832     00000010 11000000
     119     896     00000001 11000000
     120    1027     11000000 00100000
     121    1029     10100000 00100000
     122    1030     01100000 00100000
     123    1033     10010000 00100000
     124    1034     01010000 00100000
     125    1036     00110000 00100000
     126    1041     10001000 00100000
     127    1042     01001000 00100000
     128    1044     00101000 00100000
     129    1048     00011000 00100000
     130    1057     10000100 00100000
     131    1058     01000100 00100000
     132    1060     00100100 00100000
     133    1064     00010100 00100000
     134    1072     00001100 00100000
     135    1089     10000010 00100000
     136    1090     01000010 00100000
     137    1092     00100010 00100000
     138    1096     00010010 00100000
     139    1104     00001010 00100000
     140    1120     00000110 00100000
     141    1153     10000001 00100000
     142    1154     01000001 00100000
     143    1156     00100001 00100000
     144    1160     00010001 00100000
     145    1168     00001001 00100000
     146    1184     00000101 00100000
     147    1216     00000011 00100000
     148    1281     10000000 10100000
     149    1282     01000000 10100000
     150    1284     00100000 10100000
     151    1288     00010000 10100000
     152    1296     00001000 10100000
     153    1312     00000100 10100000
     154    1344     00000010 10100000
     155    1408     00000001 10100000
     156    1537     10000000 01100000
     157    1538     01000000 01100000
     158    1540     00100000 01100000
     159    1544     00010000 01100000
     160    1552     00001000 01100000
     161    1568     00000100 01100000
     162    1600     00000010 01100000
     163    1664     00000001 01100000
     164    1792     00000000 11100000
     165    2051     11000000 00010000
     166    2053     10100000 00010000
     167    2054     01100000 00010000
     168    2057     10010000 00010000
     169    2058     01010000 00010000
     170    2060     00110000 00010000
     171    2065     10001000 00010000
     172    2066     01001000 00010000
     173    2068     00101000 00010000
     174    2072     00011000 00010000
     175    2081     10000100 00010000
     176    2082     01000100 00010000
     177    2084     00100100 00010000
     178    2088     00010100 00010000
     179    2096     00001100 00010000
     180    2113     10000010 00010000
     181    2114     01000010 00010000
     182    2116     00100010 00010000
     183    2120     00010010 00010000
     184    2128     00001010 00010000
     185    2144     00000110 00010000
     186    2177     10000001 00010000
     187    2178     01000001 00010000
     188    2180     00100001 00010000
     189    2184     00010001 00010000
     190    2192     00001001 00010000
     191    2208     00000101 00010000
     192    2240     00000011 00010000
     193    2305     10000000 10010000
     194    2306     01000000 10010000
     195    2308     00100000 10010000
     196    2312     00010000 10010000
     197    2320     00001000 10010000
     198    2336     00000100 10010000
     199    2368     00000010 10010000
     200    2432     00000001 10010000
     201    2561     10000000 01010000
     202    2562     01000000 01010000
     203    2564     00100000 01010000
     204    2568     00010000 01010000
     205    2576     00001000 01010000
     206    2592     00000100 01010000
     207    2624     00000010 01010000
     208    2688     00000001 01010000
     209    2816     00000000 11010000
     210    3073     10000000 00110000
     211    3074     01000000 00110000
     212    3076     00100000 00110000
     213    3080     00010000 00110000
     214    3088     00001000 00110000
     215    3104     00000100 00110000
     216    3136     00000010 00110000
     217    3200     00000001 00110000
     218    3328     00000000 10110000
     219    3584     00000000 01110000
     220    4099     11000000 00001000
     221    4101     10100000 00001000
     222    4102     01100000 00001000
     223    4105     10010000 00001000
     224    4106     01010000 00001000
     225    4108     00110000 00001000
     226    4113     10001000 00001000
     227    4114     01001000 00001000
     228    4116     00101000 00001000
     229    4120     00011000 00001000
     230    4129     10000100 00001000
     231    4130     01000100 00001000
     232    4132     00100100 00001000
     233    4136     00010100 00001000
     234    4144     00001100 00001000
     235    4161     10000010 00001000
     236    4162     01000010 00001000
     237    4164     00100010 00001000
     238    4168     00010010 00001000
     239    4176     00001010 00001000
     240    4192     00000110 00001000
     241    4225     10000001 00001000
     242    4226     01000001 00001000
     243    4228     00100001 00001000
     244    4232     00010001 00001000
     245    4240     00001001 00001000
     246    4256     00000101 00001000
     247    4288     00000011 00001000
     248    4353     10000000 10001000
     249    4354     01000000 10001000
     250    4356     00100000 10001000
     251    4360     00010000 10001000
     252    4368     00001000 10001000
     253    4384     00000100 10001000
     254    4416     00000010 10001000
     255    4480     00000001 10001000
     256    4609     10000000 01001000
     257    4610     01000000 01001000
     258    4612     00100000 01001000
     259    4616     00010000 01001000
     260    4624     00001000 01001000
     261    4640     00000100 01001000
     262    4672     00000010 01001000
     263    4736     00000001 01001000
     264    4864     00000000 11001000
     265    5121     10000000 00101000
     266    5122     01000000 00101000
     267    5124     00100000 00101000
     268    5128     00010000 00101000
     269    5136     00001000 00101000
     270    5152     00000100 00101000
     271    5184     00000010 00101000
     272    5248     00000001 00101000
     273    5376     00000000 10101000
     274    5632     00000000 01101000
     275    6145     10000000 00011000
     276    6146     01000000 00011000
     277    6148     00100000 00011000
     278    6152     00010000 00011000
     279    6160     00001000 00011000
     280    6176     00000100 00011000
     281    6208     00000010 00011000
     282    6272     00000001 00011000
     283    6400     00000000 10011000
     284    6656     00000000 01011000
     285    7168     00000000 00111000
     286    8195     11000000 00000100
     287    8197     10100000 00000100
     288    8198     01100000 00000100
     289    8201     10010000 00000100
     290    8202     01010000 00000100
     291    8204     00110000 00000100
     292    8209     10001000 00000100
     293    8210     01001000 00000100
     294    8212     00101000 00000100
     295    8216     00011000 00000100
     296    8225     10000100 00000100
     297    8226     01000100 00000100
     298    8228     00100100 00000100
     299    8232     00010100 00000100
     300    8240     00001100 00000100
     301    8257     10000010 00000100
     302    8258     01000010 00000100
     303    8260     00100010 00000100
     304    8264     00010010 00000100
     305    8272     00001010 00000100
     306    8288     00000110 00000100
     307    8321     10000001 00000100
     308    8322     01000001 00000100
     309    8324     00100001 00000100
     310    8328     00010001 00000100
     311    8336     00001001 00000100
     312    8352     00000101 00000100
     313    8384     00000011 00000100
     314    8449     10000000 10000100
     315    8450     01000000 10000100
     316    8452     00100000 10000100
     317    8456     00010000 10000100
     318    8464     00001000 10000100
     319    8480     00000100 10000100
     320    8512     00000010 10000100
     321    8576     00000001 10000100
     322    8705     10000000 01000100
     323    8706     01000000 01000100
     324    8708     00100000 01000100
     325    8712     00010000 01000100
     326    8720     00001000 01000100
     327    8736     00000100 01000100
     328    8768     00000010 01000100
     329    8832     00000001 01000100
     330    8960     00000000 11000100
     331    9217     10000000 00100100
     332    9218     01000000 00100100
     333    9220     00100000 00100100
     334    9224     00010000 00100100
     335    9232     00001000 00100100
     336    9248     00000100 00100100
     337    9280     00000010 00100100
     338    9344     00000001 00100100
     339    9472     00000000 10100100
     340    9728     00000000 01100100
     341   10241     10000000 00010100
     342   10242     01000000 00010100
     343   10244     00100000 00010100
     344   10248     00010000 00010100
     345   10256     00001000 00010100
     346   10272     00000100 00010100
     347   10304     00000010 00010100
     348   10368     00000001 00010100
     349   10496     00000000 10010100
     350   10752     00000000 01010100
     351   11264     00000000 00110100
     352   12289     10000000 00001100
     353   12290     01000000 00001100
     354   12292     00100000 00001100
     355   12296     00010000 00001100
     356   12304     00001000 00001100
     357   12320     00000100 00001100
     358   12352     00000010 00001100
     359   12416     00000001 00001100
     360   12544     00000000 10001100
     361   12800     00000000 01001100
     362   13312     00000000 00101100
     363   14336     00000000 00011100
     364   16387     11000000 00000010
     365   16389     10100000 00000010
     366   16390     01100000 00000010
     367   16393     10010000 00000010
     368   16394     01010000 00000010
     369   16396     00110000 00000010
     370   16401     10001000 00000010
     371   16402     01001000 00000010
     372   16404     00101000 00000010
     373   16408     00011000 00000010
     374   16417     10000100 00000010
     375   16418     01000100 00000010
     376   16420     00100100 00000010
     377   16424     00010100 00000010
     378   16432     00001100 00000010
     379   16449     10000010 00000010
     380   16450     01000010 00000010
     381   16452     00100010 00000010
     382   16456     00010010 00000010
     383   16464     00001010 00000010
     384   16480     00000110 00000010
     385   16513     10000001 00000010
     386   16514     01000001 00000010
     387   16516     00100001 00000010
     388   16520     00010001 00000010
     389   16528     00001001 00000010
     390   16544     00000101 00000010
     391   16576     00000011 00000010
     392   16641     10000000 10000010
     393   16642     01000000 10000010
     394   16644     00100000 10000010
     395   16648     00010000 10000010
     396   16656     00001000 10000010
     397   16672     00000100 10000010
     398   16704     00000010 10000010
     399   16768     00000001 10000010
     400   16897     10000000 01000010
     401   16898     01000000 01000010
     402   16900     00100000 01000010
     403   16904     00010000 01000010
     404   16912     00001000 01000010
     405   16928     00000100 01000010
     406   16960     00000010 01000010
     407   17024     00000001 01000010
     408   17152     00000000 11000010
     409   17409     10000000 00100010
     410   17410     01000000 00100010
     411   17412     00100000 00100010
     412   17416     00010000 00100010
     413   17424     00001000 00100010
     414   17440     00000100 00100010
     415   17472     00000010 00100010
     416   17536     00000001 00100010
     417   17664     00000000 10100010
     418   17920     00000000 01100010
     419   18433     10000000 00010010
     420   18434     01000000 00010010
     421   18436     00100000 00010010
     422   18440     00010000 00010010
     423   18448     00001000 00010010
     424   18464     00000100 00010010
     425   18496     00000010 00010010
     426   18560     00000001 00010010
     427   18688     00000000 10010010
     428   18944     00000000 01010010
     429   19456     00000000 00110010
     430   20481     10000000 00001010
     431   20482     01000000 00001010
     432   20484     00100000 00001010
     433   20488     00010000 00001010
     434   20496     00001000 00001010
     435   20512     00000100 00001010
     436   20544     00000010 00001010
     437   20608     00000001 00001010
     438   20736     00000000 10001010
     439   20992     00000000 01001010
     440   21504     00000000 00101010
     441   22528     00000000 00011010
     442   24577     10000000 00000110
     443   24578     01000000 00000110
     444   24580     00100000 00000110
     445   24584     00010000 00000110
     446   24592     00001000 00000110
     447   24608     00000100 00000110
     448   24640     00000010 00000110
     449   24704     00000001 00000110
     450   24832     00000000 10000110
     451   25088     00000000 01000110
     452   25600     00000000 00100110
     453   26624     00000000 00010110
     454   28672     00000000 00001110
     455   32771     11000000 00000001
     456   32773     10100000 00000001
     457   32774     01100000 00000001
     458   32777     10010000 00000001
     459   32778     01010000 00000001
     460   32780     00110000 00000001
     461   32785     10001000 00000001
     462   32786     01001000 00000001
     463   32788     00101000 00000001
     464   32792     00011000 00000001
     465   32801     10000100 00000001
     466   32802     01000100 00000001
     467   32804     00100100 00000001
     468   32808     00010100 00000001
     469   32816     00001100 00000001
     470   32833     10000010 00000001
     471   32834     01000010 00000001
     472   32836     00100010 00000001
     473   32840     00010010 00000001
     474   32848     00001010 00000001
     475   32864     00000110 00000001
     476   32897     10000001 00000001
     477   32898     01000001 00000001
     478   32900     00100001 00000001
     479   32904     00010001 00000001
     480   32912     00001001 00000001
     481   32928     00000101 00000001
     482   32960     00000011 00000001
     483   33025     10000000 10000001
     484   33026     01000000 10000001
     485   33028     00100000 10000001
     486   33032     00010000 10000001
     487   33040     00001000 10000001
     488   33056     00000100 10000001
     489   33088     00000010 10000001
     490   33152     00000001 10000001
     491   33281     10000000 01000001
     492   33282     01000000 01000001
     493   33284     00100000 01000001
     494   33288     00010000 01000001
     495   33296     00001000 01000001
     496   33312     00000100 01000001
     497   33344     00000010 01000001
     498   33408     00000001 01000001
     499   33536     00000000 11000001
     500   33793     10000000 00100001
     501   33794     01000000 00100001
     502   33796     00100000 00100001
     503   33800     00010000 00100001
     504   33808     00001000 00100001
     505   33824     00000100 00100001
     506   33856     00000010 00100001
     507   33920     00000001 00100001
     508   34048     00000000 10100001
     509   34304     00000000 01100001
     510   34817     10000000 00010001
     511   34818     01000000 00010001
     512   34820     00100000 00010001
     513   34824     00010000 00010001
     514   34832     00001000 00010001
     515   34848     00000100 00010001
     516   34880     00000010 00010001
     517   34944     00000001 00010001
     518   35072     00000000 10010001
     519   35328     00000000 01010001
     520   35840     00000000 00110001
     521   36865     10000000 00001001
     522   36866     01000000 00001001
     523   36868     00100000 00001001
     524   36872     00010000 00001001
     525   36880     00001000 00001001
     526   36896     00000100 00001001
     527   36928     00000010 00001001
     528   36992     00000001 00001001
     529   37120     00000000 10001001
     530   37376     00000000 01001001
     531   37888     00000000 00101001
     532   38912     00000000 00011001
     533   40961     10000000 00000101
     534   40962     01000000 00000101
     535   40964     00100000 00000101
     536   40968     00010000 00000101
     537   40976     00001000 00000101
     538   40992     00000100 00000101
     539   41024     00000010 00000101
     540   41088     00000001 00000101
     541   41216     00000000 10000101
     542   41472     00000000 01000101
     543   41984     00000000 00100101
     544   43008     00000000 00010101
     545   45056     00000000 00001101
     546   49153     10000000 00000011
     547   49154     01000000 00000011
     548   49156     00100000 00000011
     549   49160     00010000 00000011
     550   49168     00001000 00000011
     551   49184     00000100 00000011
     552   49216     00000010 00000011
     553   49280     00000001 00000011
     554   49408     00000000 10000011
     555   49664     00000000 01000011
     556   50176     00000000 00100011
     557   51200     00000000 00010011
     558   53248     00000000 00001011
     559   57344     00000000 00000111
