       0       0        0.100000        0.000000
       1       0       -1.000000        0.000000
      22       0       -1.000000        0.000000
       0       1       -1.000000        0.000000
       1       1        0.200000        0.000000
       2       1       -1.000000        0.000000
       3       1       -1.000000        0.000000
      23       1       -1.000000        0.000000
       1       2       -1.000000        0.000000
       2       2        0.300000        0.000000
       4       2       -1.000000        0.000000
       1       3       -1.000000        0.000000
       3       3        0.300000        0.000000
       4       3       -1.000000        0.000000
       6       3       -1.000000        0.000000
      24       3       -1.000000        0.000000
       2       4       -1.000000        0.000000
       3       4       -1.000000        0.000000
       4       4        0.400000        0.000000
       5       4       -1.000000        0.000000
       7       4       -1.000000        0.000000
       4       5       -1.000000        0.000000
       5       5        0.500000        0.000000
       8       5       -1.000000        0.000000
       3       6       -1.000000        0.000000
       6       6        0.400000        0.000000
       7       6       -1.000000        0.000000
      10       6       -1.000000        0.000000
      25       6       -1.000000        0.000000
       4       7       -1.000000        0.000000
       6       7       -1.000000        0.000000
       7       7        0.500000        0.000000
       8       7       -1.000000        0.000000
      11       7       -1.000000        0.000000
       5       8       -1.000000        0.000000
       7       8       -1.000000        0.000000
       8       8        0.600000        0.000000
       9       8       -1.000000        0.000000
      12       8       -1.000000        0.000000
       8       9       -1.000000        0.000000
       9       9        0.700000        0.000000
      13       9       -1.000000        0.000000
       6      10       -1.000000        0.000000
      10      10        0.500000        0.000000
      11      10       -1.000000        0.000000
      15      10       -1.000000        0.000000
      26      10       -1.000000        0.000000
       7      11       -1.000000        0.000000
      10      11       -1.000000        0.000000
      11      11        0.600000        0.000000
      12      11       -1.000000        0.000000
      16      11       -1.000000        0.000000
       8      12       -1.000000        0.000000
      11      12       -1.000000        0.000000
      12      12        0.700000        0.000000
      13      12       -1.000000        0.000000
      17      12       -1.000000        0.000000
       9      13       -1.000000        0.000000
      12      13       -1.000000        0.000000
      13      13        0.800000        0.000000
      14      13       -1.000000        0.000000
      18      13       -1.000000        0.000000
      13      14       -1.000000        0.000000
      14      14        0.900000        0.000000
      19      14       -1.000000        0.000000
      10      15       -1.000000        0.000000
      15      15        0.600000        0.000000
      16      15       -1.000000        0.000000
      21      15       -1.000000        0.000000
      27      15       -1.000000        0.000000
      11      16       -1.000000        0.000000
      15      16       -1.000000        0.000000
      16      16        0.700000        0.000000
      17      16       -1.000000        0.000000
      22      16       -1.000000        0.000000
      12      17       -1.000000        0.000000
      16      17       -1.000000        0.000000
      17      17        0.800000        0.000000
      18      17       -1.000000        0.000000
      23      17       -1.000000        0.000000
      13      18       -1.000000        0.000000
      17      18       -1.000000        0.000000
      18      18        0.900000        0.000000
      19      18       -1.000000        0.000000
      24      18       -1.000000        0.000000
      14      19       -1.000000        0.000000
      18      19       -1.000000        0.000000
      19      19        1.000000        0.000000
      20      19       -1.000000        0.000000
      25      19       -1.000000        0.000000
      19      20       -1.000000        0.000000
      20      20        1.100000        0.000000
      26      20       -1.000000        0.000000
      15      21       -1.000000        0.000000
      21      21        0.700000        0.000000
      22      21       -1.000000        0.000000
       0      22       -1.000000        0.000000
      16      22       -1.000000        0.000000
      21      22       -1.000000        0.000000
      22      22        0.800000        0.000000
      23      22       -1.000000        0.000000
       1      23       -1.000000        0.000000
      17      23       -1.000000        0.000000
      22      23       -1.000000        0.000000
      23      23        0.900000        0.000000
      24      23       -1.000000        0.000000
       3      24       -1.000000        0.000000
      18      24       -1.000000        0.000000
      23      24       -1.000000        0.000000
      24      24        1.000000        0.000000
      25      24       -1.000000        0.000000
       6      25       -1.000000        0.000000
      19      25       -1.000000        0.000000
      24      25       -1.000000        0.000000
      25      25        1.100000        0.000000
      26      25       -1.000000        0.000000
      10      26       -1.000000        0.000000
      20      26       -1.000000        0.000000
      25      26       -1.000000        0.000000
      26      26        1.200000        0.000000
      27      26       -1.000000        0.000000
      15      27       -1.000000        0.000000
      26      27       -1.000000        0.000000
      27      27        1.300000        0.000000
      28      28        0.000000        0.000000
      29      28       -1.000000        0.000000
      35      28       -1.000000        0.000000
      36      28       -1.000000        0.000000
     105      28       -1.000000        0.000000
      28      29       -1.000000        0.000000
      29      29        0.100000        0.000000
      30      29       -1.000000        0.000000
      37      29       -1.000000        0.000000
     106      29       -1.000000        0.000000
      29      30       -1.000000        0.000000
      30      30        0.200000        0.000000
      31      30       -1.000000        0.000000
      38      30       -1.000000        0.000000
     107      30       -1.000000        0.000000
      30      31       -1.000000        0.000000
      31      31        0.300000        0.000000
      32      31       -1.000000        0.000000
      39      31       -1.000000        0.000000
     108      31       -1.000000        0.000000
      31      32       -1.000000        0.000000
      32      32        0.400000        0.000000
      33      32       -1.000000        0.000000
      40      32       -1.000000        0.000000
     109      32       -1.000000        0.000000
      32      33       -1.000000        0.000000
      33      33        0.500000        0.000000
      34      33       -1.000000        0.000000
      41      33       -1.000000        0.000000
     110      33       -1.000000        0.000000
      33      34       -1.000000        0.000000
      34      34        0.600000        0.000000
      35      34       -1.000000        0.000000
      42      34       -1.000000        0.000000
     111      34       -1.000000        0.000000
      28      35       -1.000000        0.000000
      34      35       -1.000000        0.000000
      35      35        0.700000        0.000000
      43      35       -1.000000        0.000000
     112      35       -1.000000        0.000000
      28      36       -1.000000        0.000000
      36      36        0.100000        0.000000
      37      36       -1.000000        0.000000
      43      36       -1.000000        0.000000
      45      36       -1.000000        0.000000
      29      37       -1.000000        0.000000
      36      37       -1.000000        0.000000
      37      37        0.200000        0.000000
      38      37       -1.000000        0.000000
      46      37       -1.000000        0.000000
      30      38       -1.000000        0.000000
      37      38       -1.000000        0.000000
      38      38        0.300000        0.000000
      39      38       -1.000000        0.000000
      47      38       -1.000000        0.000000
      31      39       -1.000000        0.000000
      38      39       -1.000000        0.000000
      39      39        0.400000        0.000000
      40      39       -1.000000        0.000000
      48      39       -1.000000        0.000000
      32      40       -1.000000        0.000000
      39      40       -1.000000        0.000000
      40      40        0.500000        0.000000
      41      40       -1.000000        0.000000
      49      40       -1.000000        0.000000
      33      41       -1.000000        0.000000
      40      41       -1.000000        0.000000
      41      41        0.600000        0.000000
      42      41       -1.000000        0.000000
      50      41       -1.000000        0.000000
      34      42       -1.000000        0.000000
      41      42       -1.000000        0.000000
      42      42        0.700000        0.000000
      43      42       -1.000000        0.000000
      51      42       -1.000000        0.000000
      35      43       -1.000000        0.000000
      36      43       -1.000000        0.000000
      42      43       -1.000000        0.000000
      43      43        0.800000        0.000000
      52      43       -1.000000        0.000000
      44      44        0.100000        0.000000
      53      44       -1.000000        0.000000
     114      44       -1.000000        0.000000
      36      45       -1.000000        0.000000
      45      45        0.200000        0.000000
      46      45       -1.000000        0.000000
      52      45       -1.000000        0.000000
      55      45       -1.000000        0.000000
      37      46       -1.000000        0.000000
      45      46       -1.000000        0.000000
      46      46        0.300000        0.000000
      47      46       -1.000000        0.000000
      56      46       -1.000000        0.000000
      38      47       -1.000000        0.000000
      46      47       -1.000000        0.000000
      47      47        0.400000        0.000000
      48      47       -1.000000        0.000000
      57      47       -1.000000        0.000000
      39      48       -1.000000        0.000000
      47      48       -1.000000        0.000000
      48      48        0.500000        0.000000
      49      48       -1.000000        0.000000
      58      48       -1.000000        0.000000
      40      49       -1.000000        0.000000
      48      49       -1.000000        0.000000
      49      49        0.600000        0.000000
      50      49       -1.000000        0.000000
      59      49       -1.000000        0.000000
      41      50       -1.000000        0.000000
      49      50       -1.000000        0.000000
      50      50        0.700000        0.000000
      51      50       -1.000000        0.000000
      60      50       -1.000000        0.000000
      42      51       -1.000000        0.000000
      50      51       -1.000000        0.000000
      51      51        0.800000        0.000000
      52      51       -1.000000        0.000000
      61      51       -1.000000        0.000000
      43      52       -1.000000        0.000000
      45      52       -1.000000        0.000000
      51      52       -1.000000        0.000000
      52      52        0.900000        0.000000
      62      52       -1.000000        0.000000
      44      53       -1.000000        0.000000
      53      53        0.200000        0.000000
      54      53       -1.000000        0.000000
      63      53       -1.000000        0.000000
     115      53       -1.000000        0.000000
      53      54       -1.000000        0.000000
      54      54        0.300000        0.000000
      64      54       -1.000000        0.000000
      45      55       -1.000000        0.000000
      55      55        0.300000        0.000000
      56      55       -1.000000        0.000000
      62      55       -1.000000        0.000000
      66      55       -1.000000        0.000000
      46      56       -1.000000        0.000000
      55      56       -1.000000        0.000000
      56      56        0.400000        0.000000
      57      56       -1.000000        0.000000
      67      56       -1.000000        0.000000
      47      57       -1.000000        0.000000
      56      57       -1.000000        0.000000
      57      57        0.500000        0.000000
      58      57       -1.000000        0.000000
      68      57       -1.000000        0.000000
      48      58       -1.000000        0.000000
      57      58       -1.000000        0.000000
      58      58        0.600000        0.000000
      59      58       -1.000000        0.000000
      69      58       -1.000000        0.000000
      49      59       -1.000000        0.000000
      58      59       -1.000000        0.000000
      59      59        0.700000        0.000000
      60      59       -1.000000        0.000000
      70      59       -1.000000        0.000000
      50      60       -1.000000        0.000000
      59      60       -1.000000        0.000000
      60      60        0.800000        0.000000
      61      60       -1.000000        0.000000
      71      60       -1.000000        0.000000
      51      61       -1.000000        0.000000
      60      61       -1.000000        0.000000
      61      61        0.900000        0.000000
      62      61       -1.000000        0.000000
      72      61       -1.000000        0.000000
      52      62       -1.000000        0.000000
      55      62       -1.000000        0.000000
      61      62       -1.000000        0.000000
      62      62        1.000000        0.000000
      73      62       -1.000000        0.000000
      53      63       -1.000000        0.000000
      63      63        0.300000        0.000000
      64      63       -1.000000        0.000000
      74      63       -1.000000        0.000000
     116      63       -1.000000        0.000000
      54      64       -1.000000        0.000000
      63      64       -1.000000        0.000000
      64      64        0.400000        0.000000
      65      64       -1.000000        0.000000
      75      64       -1.000000        0.000000
      64      65       -1.000000        0.000000
      65      65        0.500000        0.000000
      76      65       -1.000000        0.000000
      55      66       -1.000000        0.000000
      66      66        0.400000        0.000000
      67      66       -1.000000        0.000000
      73      66       -1.000000        0.000000
      78      66       -1.000000        0.000000
      56      67       -1.000000        0.000000
      66      67       -1.000000        0.000000
      67      67        0.500000        0.000000
      68      67       -1.000000        0.000000
      79      67       -1.000000        0.000000
      57      68       -1.000000        0.000000
      67      68       -1.000000        0.000000
      68      68        0.600000        0.000000
      69      68       -1.000000        0.000000
      80      68       -1.000000        0.000000
      58      69       -1.000000        0.000000
      68      69       -1.000000        0.000000
      69      69        0.700000        0.000000
      70      69       -1.000000        0.000000
      81      69       -1.000000        0.000000
      59      70       -1.000000        0.000000
      69      70       -1.000000        0.000000
      70      70        0.800000        0.000000
      71      70       -1.000000        0.000000
      82      70       -1.000000        0.000000
      60      71       -1.000000        0.000000
      70      71       -1.000000        0.000000
      71      71        0.900000        0.000000
      72      71       -1.000000        0.000000
      83      71       -1.000000        0.000000
      61      72       -1.000000        0.000000
      71      72       -1.000000        0.000000
      72      72        1.000000        0.000000
      73      72       -1.000000        0.000000
      84      72       -1.000000        0.000000
      62      73       -1.000000        0.000000
      66      73       -1.000000        0.000000
      72      73       -1.000000        0.000000
      73      73        1.100000        0.000000
      85      73       -1.000000        0.000000
      63      74       -1.000000        0.000000
      74      74        0.400000        0.000000
      75      74       -1.000000        0.000000
      86      74       -1.000000        0.000000
     117      74       -1.000000        0.000000
      64      75       -1.000000        0.000000
      74      75       -1.000000        0.000000
      75      75        0.500000        0.000000
      76      75       -1.000000        0.000000
      87      75       -1.000000        0.000000
      65      76       -1.000000        0.000000
      75      76       -1.000000        0.000000
      76      76        0.600000        0.000000
      77      76       -1.000000        0.000000
      88      76       -1.000000        0.000000
      76      77       -1.000000        0.000000
      77      77        0.700000        0.000000
      89      77       -1.000000        0.000000
      66      78       -1.000000        0.000000
      78      78        0.500000        0.000000
      79      78       -1.000000        0.000000
      85      78       -1.000000        0.000000
      91      78       -1.000000        0.000000
      67      79       -1.000000        0.000000
      78      79       -1.000000        0.000000
      79      79        0.600000        0.000000
      80      79       -1.000000        0.000000
      92      79       -1.000000        0.000000
      68      80       -1.000000        0.000000
      79      80       -1.000000        0.000000
      80      80        0.700000        0.000000
      81      80       -1.000000        0.000000
      93      80       -1.000000        0.000000
      69      81       -1.000000        0.000000
      80      81       -1.000000        0.000000
      81      81        0.800000        0.000000
      82      81       -1.000000        0.000000
      94      81       -1.000000        0.000000
      70      82       -1.000000        0.000000
      81      82       -1.000000        0.000000
      82      82        0.900000        0.000000
      83      82       -1.000000        0.000000
      95      82       -1.000000        0.000000
      71      83       -1.000000        0.000000
      82      83       -1.000000        0.000000
      83      83        1.000000        0.000000
      84      83       -1.000000        0.000000
      96      83       -1.000000        0.000000
      72      84       -1.000000        0.000000
      83      84       -1.000000        0.000000
      84      84        1.100000        0.000000
      85      84       -1.000000        0.000000
      97      84       -1.000000        0.000000
      73      85       -1.000000        0.000000
      78      85       -1.000000        0.000000
      84      85       -1.000000        0.000000
      85      85        1.200000        0.000000
      98      85       -1.000000        0.000000
      74      86       -1.000000        0.000000
      86      86        0.500000        0.000000
      87      86       -1.000000        0.000000
      99      86       -1.000000        0.000000
     118      86       -1.000000        0.000000
      75      87       -1.000000        0.000000
      86      87       -1.000000        0.000000
      87      87        0.600000        0.000000
      88      87       -1.000000        0.000000
     100      87       -1.000000        0.000000
      76      88       -1.000000        0.000000
      87      88       -1.000000        0.000000
      88      88        0.700000        0.000000
      89      88       -1.000000        0.000000
     101      88       -1.000000        0.000000
      77      89       -1.000000        0.000000
      88      89       -1.000000        0.000000
      89      89        0.800000        0.000000
      90      89       -1.000000        0.000000
     102      89       -1.000000        0.000000
      89      90       -1.000000        0.000000
      90      90        0.900000        0.000000
     103      90       -1.000000        0.000000
      78      91       -1.000000        0.000000
      91      91        0.600000        0.000000
      92      91       -1.000000        0.000000
      98      91       -1.000000        0.000000
     105      91       -1.000000        0.000000
      79      92       -1.000000        0.000000
      91      92       -1.000000        0.000000
      92      92        0.700000        0.000000
      93      92       -1.000000        0.000000
     106      92       -1.000000        0.000000
      80      93       -1.000000        0.000000
      92      93       -1.000000        0.000000
      93      93        0.800000        0.000000
      94      93       -1.000000        0.000000
     107      93       -1.000000        0.000000
      81      94       -1.000000        0.000000
      93      94       -1.000000        0.000000
      94      94        0.900000        0.000000
      95      94       -1.000000        0.000000
     108      94       -1.000000        0.000000
      82      95       -1.000000        0.000000
      94      95       -1.000000        0.000000
      95      95        1.000000        0.000000
      96      95       -1.000000        0.000000
     109      95       -1.000000        0.000000
      83      96       -1.000000        0.000000
      95      96       -1.000000        0.000000
      96      96        1.100000        0.000000
      97      96       -1.000000        0.000000
     110      96       -1.000000        0.000000
      84      97       -1.000000        0.000000
      96      97       -1.000000        0.000000
      97      97        1.200000        0.000000
      98      97       -1.000000        0.000000
     111      97       -1.000000        0.000000
      85      98       -1.000000        0.000000
      91      98       -1.000000        0.000000
      97      98       -1.000000        0.000000
      98      98        1.300000        0.000000
     112      98       -1.000000        0.000000
      86      99       -1.000000        0.000000
      99      99        0.600000        0.000000
     100      99       -1.000000        0.000000
     113      99       -1.000000        0.000000
     119      99       -1.000000        0.000000
      87     100       -1.000000        0.000000
      99     100       -1.000000        0.000000
     100     100        0.700000        0.000000
     101     100       -1.000000        0.000000
     114     100       -1.000000        0.000000
      88     101       -1.000000        0.000000
     100     101       -1.000000        0.000000
     101     101        0.800000        0.000000
     102     101       -1.000000        0.000000
     115     101       -1.000000        0.000000
      89     102       -1.000000        0.000000
     101     102       -1.000000        0.000000
     102     102        0.900000        0.000000
     103     102       -1.000000        0.000000
     116     102       -1.000000        0.000000
      90     103       -1.000000        0.000000
     102     103       -1.000000        0.000000
     103     103        1.000000        0.000000
     104     103       -1.000000        0.000000
     117     103       -1.000000        0.000000
     103     104       -1.000000        0.000000
     104     104        1.100000        0.000000
     118     104       -1.000000        0.000000
      28     105       -1.000000        0.000000
      91     105       -1.000000        0.000000
     105     105        0.700000        0.000000
     106     105       -1.000000        0.000000
     112     105       -1.000000        0.000000
      29     106       -1.000000        0.000000
      92     106       -1.000000        0.000000
     105     106       -1.000000        0.000000
     106     106        0.800000        0.000000
     107     106       -1.000000        0.000000
      30     107       -1.000000        0.000000
      93     107       -1.000000        0.000000
     106     107       -1.000000        0.000000
     107     107        0.900000        0.000000
     108     107       -1.000000        0.000000
      31     108       -1.000000        0.000000
      94     108       -1.000000        0.000000
     107     108       -1.000000        0.000000
     108     108        1.000000        0.000000
     109     108       -1.000000        0.000000
      32     109       -1.000000        0.000000
      95     109       -1.000000        0.000000
     108     109       -1.000000        0.000000
     109     109        1.100000        0.000000
     110     109       -1.000000        0.000000
      33     110       -1.000000        0.000000
      96     110       -1.000000        0.000000
     109     110       -1.000000        0.000000
     110     110        1.200000        0.000000
     111     110       -1.000000        0.000000
      34     111       -1.000000        0.000000
      97     111       -1.000000        0.000000
     110     111       -1.000000        0.000000
     111     111        1.300000        0.000000
     112     111       -1.000000        0.000000
      35     112       -1.000000        0.000000
      98     112       -1.000000        0.000000
     105     112       -1.000000        0.000000
     111     112       -1.000000        0.000000
     112     112        1.400000        0.000000
      99     113       -1.000000        0.000000
     113     113        0.700000        0.000000
     114     113       -1.000000        0.000000
      44     114       -1.000000        0.000000
     100     114       -1.000000        0.000000
     113     114       -1.000000        0.000000
     114     114        0.800000        0.000000
     115     114       -1.000000        0.000000
      53     115       -1.000000        0.000000
     101     115       -1.000000        0.000000
     114     115       -1.000000        0.000000
     115     115        0.900000        0.000000
     116     115       -1.000000        0.000000
      63     116       -1.000000        0.000000
     102     116       -1.000000        0.000000
     115     116       -1.000000        0.000000
     116     116        1.000000        0.000000
     117     116       -1.000000        0.000000
      74     117       -1.000000        0.000000
     103     117       -1.000000        0.000000
     116     117       -1.000000        0.000000
     117     117        1.100000        0.000000
     118     117       -1.000000        0.000000
      86     118       -1.000000        0.000000
     104     118       -1.000000        0.000000
     117     118       -1.000000        0.000000
     118     118        1.200000        0.000000
     119     118       -1.000000        0.000000
      99     119       -1.000000        0.000000
     118     119       -1.000000        0.000000
     119     119        1.300000        0.000000
