       0      15     11110000 00000000
       1      23     11101000 00000000
       2      27     11011000 00000000
       3      29     10111000 00000000
       4      30     01111000 00000000
       5      39     11100100 00000000
       6      43     11010100 00000000
       7      45     10110100 00000000
       8      46     01110100 00000000
       9      51     11001100 00000000
      10      53     10101100 00000000
      11      54     01101100 00000000
      12      57     10011100 00000000
      13      58     01011100 00000000
      14      60     00111100 00000000
      15      71     11100010 00000000
      16      75     11010010 00000000
      17      77     10110010 00000000
      18      78     01110010 00000000
      19      83     11001010 00000000
      20      85     10101010 00000000
      21      86     01101010 00000000
      22      89     10011010 00000000
      23      90     01011010 00000000
      24      92     00111010 00000000
      25      99     11000110 00000000
      26     101     10100110 00000000
      27     102     01100110 00000000
      28     105     10010110 00000000
      29     106     01010110 00000000
      30     108     00110110 00000000
      31     113     10001110 00000000
      32     114     01001110 00000000
      33     116     00101110 00000000
      34     120     00011110 00000000
      35     135     11100001 00000000
      36     139     11010001 00000000
      37     141     10110001 00000000
      38     142     01110001 00000000
      39     147     11001001 00000000
      40     149     10101001 00000000
      41     150     01101001 00000000
      42     153     10011001 00000000
      43     154     01011001 00000000
      44     156     00111001 00000000
      45     163     11000101 00000000
      46     165     10100101 00000000
      47     166     01100101 00000000
      48     169     10010101 00000000
      49     170     01010101 00000000
      50     172     00110101 00000000
      51     177     10001101 00000000
      52     178     01001101 00000000
      53     180     00101101 00000000
      54     184     00011101 00000000
      55     195     11000011 00000000
      56     197     10100011 00000000
      57     198     01100011 00000000
      58     201     10010011 00000000
      59     202     01010011 00000000
      60     204     00110011 00000000
      61     209     10001011 00000000
      62     210     01001011 00000000
      63     212     00101011 00000000
      64     216     00011011 00000000
      65     225     10000111 00000000
      66     226     01000111 00000000
      67     228     00100111 00000000
      68     232     00010111 00000000
      69     240     00001111 00000000
      70     263     11100000 10000000
      71     267     11010000 10000000
      72     269     10110000 10000000
      73     270     01110000 10000000
      74     275     11001000 10000000
      75     277     10101000 10000000
      76     278     01101000 10000000
      77     281     10011000 10000000
      78     282     01011000 10000000
      79     284     00111000 10000000
      80     291     11000100 10000000
      81     293     10100100 10000000
      82     294     01100100 10000000
      83     297     10010100 10000000
      84     298     01010100 10000000
      85     300     00110100 10000000
      86     305     10001100 10000000
      87     306     01001100 10000000
      88     308     00101100 10000000
      89     312     00011100 10000000
      90     323     11000010 10000000
      91     325     10100010 10000000
      92     326     01100010 10000000
      93     329     10010010 10000000
      94     330     01010010 10000000
      95     332     00110010 10000000
      96     337     10001010 10000000
      97     338     01001010 10000000
      98     340     00101010 10000000
      99     344     00011010 10000000
     100     353     10000110 10000000
     101     354     01000110 10000000
     102     356     00100110 10000000
     103     360     00010110 10000000
     104     368     00001110 10000000
     105     387     11000001 10000000
     106     389     10100001 10000000
     107     390     01100001 10000000
     108     393     10010001 10000000
     109     394     01010001 10000000
     110     396     00110001 10000000
     111     401     10001001 10000000
     112     402     01001001 10000000
     113     404     00101001 10000000
     114     408     00011001 10000000
     115     417     10000101 10000000
     116     418     01000101 10000000
     117     420     00100101 10000000
     118     424     00010101 10000000
     119     432     00001101 10000000
     120     449     10000011 10000000
     121     450     01000011 10000000
     122     452     00100011 10000000
     123     456     00010011 10000000
     124     464     00001011 10000000
     125     480     00000111 10000000
     126     519     11100000 01000000
     127     523     11010000 01000000
     128     525     10110000 01000000
     129     526     01110000 01000000
     130     531     11001000 01000000
     131     533     10101000 01000000
     132     534     01101000 01000000
     133     537     10011000 01000000
     134     538     01011000 01000000
     135     540     00111000 01000000
     136     547     11000100 01000000
     137     549     10100100 01000000
     138     550     01100100 01000000
     139     553     10010100 01000000
     140     554     01010100 01000000
     141     556     00110100 01000000
     142     561     10001100 01000000
     143     562     01001100 01000000
     144     564     00101100 01000000
     145     568     00011100 01000000
     146     579     11000010 01000000
     147     581     10100010 01000000
     148     582     01100010 01000000
     149     585     10010010 01000000
     150     586     01010010 01000000
     151     588     00110010 01000000
     152     593     10001010 01000000
     153     594     01001010 01000000
     154     596     00101010 01000000
     155     600     00011010 01000000
     156     609     10000110 01000000
     157     610     01000110 01000000
     158     612     00100110 01000000
     159     616     00010110 01000000
     160     624     00001110 01000000
     161     643     11000001 01000000
     162     645     10100001 01000000
     163     646     01100001 01000000
     164     649     10010001 01000000
     165     650     01010001 01000000
     166     652     00110001 01000000
     167     657     10001001 01000000
     168     658     01001001 01000000
     169     660     00101001 01000000
     170     664     00011001 01000000
     171     673     10000101 01000000
     172     674     01000101 01000000
     173     676     00100101 01000000
     174     680     00010101 01000000
     175     688     00001101 01000000
     176     705     10000011 01000000
     177     706     01000011 01000000
     178     708     00100011 01000000
     179     712     00010011 01000000
     180     720     00001011 01000000
     181     736     00000111 01000000
     182     771     11000000 11000000
     183     773     10100000 11000000
     184     774     01100000 11000000
     185     777     10010000 11000000
     186     778     01010000 11000000
     187     780     00110000 11000000
     188     785     10001000 11000000
     189     786     01001000 11000000
     190     788     00101000 11000000
     191     792     00011000 11000000
     192     801     10000100 11000000
     193     802     01000100 11000000
     194     804     00100100 11000000
     195     808     00010100 11000000
     196     816     00001100 11000000
     197     833     10000010 11000000
     198     834     01000010 11000000
     199     836     00100010 11000000
     200     840     00010010 11000000
     201     848     00001010 11000000
     202     864     00000110 11000000
     203     897     10000001 11000000
     204     898     01000001 11000000
     205     900     00100001 11000000
     206     904     00010001 11000000
     207     912     00001001 11000000
     208     928     00000101 11000000
     209     960     00000011 11000000
     210    1031     11100000 00100000
     211    1035     11010000 00100000
     212    1037     10110000 00100000
     213    1038     01110000 00100000
     214    1043     11001000 00100000
     215    1045     10101000 00100000
     216    1046     01101000 00100000
     217    1049     10011000 00100000
     218    1050     01011000 00100000
     219    1052     00111000 00100000
     220    1059     11000100 00100000
     221    1061     10100100 00100000
     222    1062     01100100 00100000
     223    1065     10010100 00100000
     224    1066     01010100 00100000
     225    1068     00110100 00100000
     226    1073     10001100 00100000
     227    1074     01001100 00100000
     228    1076     00101100 00100000
     229    1080     00011100 00100000
     230    1091     11000010 00100000
     231    1093     10100010 00100000
     232    1094     01100010 00100000
     233    1097     10010010 00100000
     234    1098     01010010 00100000
     235    1100     00110010 00100000
     236    1105     10001010 00100000
     237    1106     01001010 00100000
     238    1108     00101010 00100000
     239    1112     00011010 00100000
     240    1121     10000110 00100000
     241    1122     01000110 00100000
     242    1124     00100110 00100000
     243    1128     00010110 00100000
     244    1136     00001110 00100000
     245    1155     11000001 00100000
     246    1157     10100001 00100000
     247    1158     01100001 00100000
     248    1161     10010001 00100000
     249    1162     01010001 00100000
     250    1164     00110001 00100000
     251    1169     10001001 00100000
     252    1170     01001001 00100000
     253    1172     00101001 00100000
     254    1176     00011001 00100000
     255    1185     10000101 00100000
     256    1186     01000101 00100000
     257    1188     00100101 00100000
     258    1192     00010101 00100000
     259    1200     00001101 00100000
     260    1217     10000011 00100000
     261    1218     01000011 00100000
     262    1220     00100011 00100000
     263    1224     00010011 00100000
     264    1232     00001011 00100000
     265    1248     00000111 00100000
     266    1283     11000000 10100000
     267    1285     10100000 10100000
     268    1286     01100000 10100000
     269    1289     10010000 10100000
     270    1290     01010000 10100000
     271    1292     00110000 10100000
     272    1297     10001000 10100000
     273    1298     01001000 10100000
     274    1300     00101000 10100000
     275    1304     00011000 10100000
     276    1313     10000100 10100000
     277    1314     01000100 10100000
     278    1316     00100100 10100000
     279    1320     00010100 10100000
     280    1328     00001100 10100000
     281    1345     10000010 10100000
     282    1346     01000010 10100000
     283    1348     00100010 10100000
     284    1352     00010010 10100000
     285    1360     00001010 10100000
     286    1376     00000110 10100000
     287    1409     10000001 10100000
     288    1410     01000001 10100000
     289    1412     00100001 10100000
     290    1416     00010001 10100000
     291    1424     00001001 10100000
     292    1440     00000101 10100000
     293    1472     00000011 10100000
     294    1539     11000000 01100000
     295    1541     10100000 01100000
     296    1542     01100000 01100000
     297    1545     10010000 01100000
     298    1546     01010000 01100000
     299    1548     00110000 01100000
     300    1553     10001000 01100000
     301    1554     01001000 01100000
     302    1556     00101000 01100000
     303    1560     00011000 01100000
     304    1569     10000100 01100000
     305    1570     01000100 01100000
     306    1572     00100100 01100000
     307    1576     00010100 01100000
     308    1584     00001100 01100000
     309    1601     10000010 01100000
     310    1602     01000010 01100000
     311    1604     00100010 01100000
     312    1608     00010010 01100000
     313    1616     00001010 01100000
     314    1632     00000110 01100000
     315    1665     10000001 01100000
     316    1666     01000001 01100000
     317    1668     00100001 01100000
     318    1672     00010001 01100000
     319    1680     00001001 01100000
     320    1696     00000101 01100000
     321    1728     00000011 01100000
     322    1793     10000000 11100000
     323    1794     01000000 11100000
     324    1796     00100000 11100000
     325    1800     00010000 11100000
     326    1808     00001000 11100000
     327    1824     00000100 11100000
     328    1856     00000010 11100000
     329    1920     00000001 11100000
     330    2055     11100000 00010000
     331    2059     11010000 00010000
     332    2061     10110000 00010000
     333    2062     01110000 00010000
     334    2067     11001000 00010000
     335    2069     10101000 00010000
     336    2070     01101000 00010000
     337    2073     10011000 00010000
     338    2074     01011000 00010000
     339    2076     00111000 00010000
     340    2083     11000100 00010000
     341    2085     10100100 00010000
     342    2086     01100100 00010000
     343    2089     10010100 00010000
     344    2090     01010100 00010000
     345    2092     00110100 00010000
     346    2097     10001100 00010000
     347    2098     01001100 00010000
     348    2100     00101100 00010000
     349    2104     00011100 00010000
     350    2115     11000010 00010000
     351    2117     10100010 00010000
     352    2118     01100010 00010000
     353    2121     10010010 00010000
     354    2122     01010010 00010000
     355    2124     00110010 00010000
     356    2129     10001010 00010000
     357    2130     01001010 00010000
     358    2132     00101010 00010000
     359    2136     00011010 00010000
     360    2145     10000110 00010000
     361    2146     01000110 00010000
     362    2148     00100110 00010000
     363    2152     00010110 00010000
     364    2160     00001110 00010000
     365    2179     11000001 00010000
     366    2181     10100001 00010000
     367    2182     01100001 00010000
     368    2185     10010001 00010000
     369    2186     01010001 00010000
     370    2188     00110001 00010000
     371    2193     10001001 00010000
     372    2194     01001001 00010000
     373    2196     00101001 00010000
     374    2200     00011001 00010000
     375    2209     10000101 00010000
     376    2210     01000101 00010000
     377    2212     00100101 00010000
     378    2216     00010101 00010000
     379    2224     00001101 00010000
     380    2241     10000011 00010000
     381    2242     01000011 00010000
     382    2244     00100011 00010000
     383    2248     00010011 00010000
     384    2256     00001011 00010000
     385    2272     00000111 00010000
     386    2307     11000000 10010000
     387    2309     10100000 10010000
     388    2310     01100000 10010000
     389    2313     10010000 10010000
     390    2314     01010000 10010000
     391    2316     00110000 10010000
     392    2321     10001000 10010000
     393    2322     01001000 10010000
     394    2324     00101000 10010000
     395    2328     00011000 10010000
     396    2337     10000100 10010000
     397    2338     01000100 10010000
     398    2340     00100100 10010000
     399    2344     00010100 10010000
     400    2352     00001100 10010000
     401    2369     10000010 10010000
     402    2370     01000010 10010000
     403    2372     00100010 10010000
     404    2376     00010010 10010000
     405    2384     00001010 10010000
     406    2400     00000110 10010000
     407    2433     10000001 10010000
     408    2434     01000001 10010000
     409    2436     00100001 10010000
     410    2440     00010001 10010000
     411    2448     00001001 10010000
     412    2464     00000101 10010000
     413    2496     00000011 10010000
     414    2563     11000000 01010000
     415    2565     10100000 01010000
     416    2566     01100000 01010000
     417    2569     10010000 01010000
     418    2570     01010000 01010000
     419    2572     00110000 01010000
     420    2577     10001000 01010000
     421    2578     01001000 01010000
     422    2580     00101000 01010000
     423    2584     00011000 01010000
     424    2593     10000100 01010000
     425    2594     01000100 01010000
     426    2596     00100100 01010000
     427    2600     00010100 01010000
     428    2608     00001100 01010000
     429    2625     10000010 01010000
     430    2626     01000010 01010000
     431    2628     00100010 01010000
     432    2632     00010010 01010000
     433    2640     00001010 01010000
     434    2656     00000110 01010000
     435    2689     10000001 01010000
     436    2690     01000001 01010000
     437    2692     00100001 01010000
     438    2696     00010001 01010000
     439    2704     00001001 01010000
     440    2720     00000101 01010000
     441    2752     00000011 01010000
     442    2817     10000000 11010000
     443    2818     01000000 11010000
     444    2820     00100000 11010000
     445    2824     00010000 11010000
     446    2832     00001000 11010000
     447    2848     00000100 11010000
     448    2880     00000010 11010000
     449    2944     00000001 11010000
     450    3075     11000000 00110000
     451    3077     10100000 00110000
     452    3078     01100000 00110000
     453    3081     10010000 00110000
     454    3082     01010000 00110000
     455    3084     00110000 00110000
     456    3089     10001000 00110000
     457    3090     01001000 00110000
     458    3092     00101000 00110000
     459    3096     00011000 00110000
     460    3105     10000100 00110000
     461    3106     01000100 00110000
     462    3108     00100100 00110000
     463    3112     00010100 00110000
     464    3120     00001100 00110000
     465    3137     10000010 00110000
     466    3138     01000010 00110000
     467    3140     00100010 00110000
     468    3144     00010010 00110000
     469    3152     00001010 00110000
     470    3168     00000110 00110000
     471    3201     10000001 00110000
     472    3202     01000001 00110000
     473    3204     00100001 00110000
     474    3208     00010001 00110000
     475    3216     00001001 00110000
     476    3232     00000101 00110000
     477    3264     00000011 00110000
     478    3329     10000000 10110000
     479    3330     01000000 10110000
     480    3332     00100000 10110000
     481    3336     00010000 10110000
     482    3344     00001000 10110000
     483    3360     00000100 10110000
     484    3392     00000010 10110000
     485    3456     00000001 10110000
     486    3585     10000000 01110000
     487    3586     01000000 01110000
     488    3588     00100000 01110000
     489    3592     00010000 01110000
     490    3600     00001000 01110000
     491    3616     00000100 01110000
     492    3648     00000010 01110000
     493    3712     00000001 01110000
     494    3840     00000000 11110000
     495    4103     11100000 00001000
     496    4107     11010000 00001000
     497    4109     10110000 00001000
     498    4110     01110000 00001000
     499    4115     11001000 00001000
     500    4117     10101000 00001000
     501    4118     01101000 00001000
     502    4121     10011000 00001000
     503    4122     01011000 00001000
     504    4124     00111000 00001000
     505    4131     11000100 00001000
     506    4133     10100100 00001000
     507    4134     01100100 00001000
     508    4137     10010100 00001000
     509    4138     01010100 00001000
     510    4140     00110100 00001000
     511    4145     10001100 00001000
     512    4146     01001100 00001000
     513    4148     00101100 00001000
     514    4152     00011100 00001000
     515    4163     11000010 00001000
     516    4165     10100010 00001000
     517    4166     01100010 00001000
     518    4169     10010010 00001000
     519    4170     01010010 00001000
     520    4172     00110010 00001000
     521    4177     10001010 00001000
     522    4178     01001010 00001000
     523    4180     00101010 00001000
     524    4184     00011010 00001000
     525    4193     10000110 00001000
     526    4194     01000110 00001000
     527    4196     00100110 00001000
     528    4200     00010110 00001000
     529    4208     00001110 00001000
     530    4227     11000001 00001000
     531    4229     10100001 00001000
     532    4230     01100001 00001000
     533    4233     10010001 00001000
     534    4234     01010001 00001000
     535    4236     00110001 00001000
     536    4241     10001001 00001000
     537    4242     01001001 00001000
     538    4244     00101001 00001000
     539    4248     00011001 00001000
     540    4257     10000101 00001000
     541    4258     01000101 00001000
     542    4260     00100101 00001000
     543    4264     00010101 00001000
     544    4272     00001101 00001000
     545    4289     10000011 00001000
     546    4290     01000011 00001000
     547    4292     00100011 00001000
     548    4296     00010011 00001000
     549    4304     00001011 00001000
     550    4320     00000111 00001000
     551    4355     11000000 10001000
     552    4357     10100000 10001000
     553    4358     01100000 10001000
     554    4361     10010000 10001000
     555    4362     01010000 10001000
     556    4364     00110000 10001000
     557    4369     10001000 10001000
     558    4370     01001000 10001000
     559    4372     00101000 10001000
     560    4376     00011000 10001000
     561    4385     10000100 10001000
     562    4386     01000100 10001000
     563    4388     00100100 10001000
     564    4392     00010100 10001000
     565    4400     00001100 10001000
     566    4417     10000010 10001000
     567    4418     01000010 10001000
     568    4420     00100010 10001000
     569    4424     00010010 10001000
     570    4432     00001010 10001000
     571    4448     00000110 10001000
     572    4481     10000001 10001000
     573    4482     01000001 10001000
     574    4484     00100001 10001000
     575    4488     00010001 10001000
     576    4496     00001001 10001000
     577    4512     00000101 10001000
     578    4544     00000011 10001000
     579    4611     11000000 01001000
     580    4613     10100000 01001000
     581    4614     01100000 01001000
     582    4617     10010000 01001000
     583    4618     01010000 01001000
     584    4620     00110000 01001000
     585    4625     10001000 01001000
     586    4626     01001000 01001000
     587    4628     00101000 01001000
     588    4632     00011000 01001000
     589    4641     10000100 01001000
     590    4642     01000100 01001000
     591    4644     00100100 01001000
     592    4648     00010100 01001000
     593    4656     00001100 01001000
     594    4673     10000010 01001000
     595    4674     01000010 01001000
     596    4676     00100010 01001000
     597    4680     00010010 01001000
     598    4688     00001010 01001000
     599    4704     00000110 01001000
     600    4737     10000001 01001000
     601    4738     01000001 01001000
     602    4740     00100001 01001000
     603    4744     00010001 01001000
     604    4752     00001001 01001000
     605    4768     00000101 01001000
     606    4800     00000011 01001000
     607    4865     10000000 11001000
     608    4866     01000000 11001000
     609    4868     00100000 11001000
     610    4872     00010000 11001000
     611    4880     00001000 11001000
     612    4896     00000100 11001000
     613    4928     00000010 11001000
     614    4992     00000001 11001000
     615    5123     11000000 00101000
     616    5125     10100000 00101000
     617    5126     01100000 00101000
     618    5129     10010000 00101000
     619    5130     01010000 00101000
     620    5132     00110000 00101000
     621    5137     10001000 00101000
     622    5138     01001000 00101000
     623    5140     00101000 00101000
     624    5144     00011000 00101000
     625    5153     10000100 00101000
     626    5154     01000100 00101000
     627    5156     00100100 00101000
     628    5160     00010100 00101000
     629    5168     00001100 00101000
     630    5185     10000010 00101000
     631    5186     01000010 00101000
     632    5188     00100010 00101000
     633    5192     00010010 00101000
     634    5200     00001010 00101000
     635    5216     00000110 00101000
     636    5249     10000001 00101000
     637    5250     01000001 00101000
     638    5252     00100001 00101000
     639    5256     00010001 00101000
     640    5264     00001001 00101000
     641    5280     00000101 00101000
     642    5312     00000011 00101000
     643    5377     10000000 10101000
     644    5378     01000000 10101000
     645    5380     00100000 10101000
     646    5384     00010000 10101000
     647    5392     00001000 10101000
     648    5408     00000100 10101000
     649    5440     00000010 10101000
     650    5504     00000001 10101000
     651    5633     10000000 01101000
     652    5634     01000000 01101000
     653    5636     00100000 01101000
     654    5640     00010000 01101000
     655    5648     00001000 01101000
     656    5664     00000100 01101000
     657    5696     00000010 01101000
     658    5760     00000001 01101000
     659    5888     00000000 11101000
     660    6147     11000000 00011000
     661    6149     10100000 00011000
     662    6150     01100000 00011000
     663    6153     10010000 00011000
     664    6154     01010000 00011000
     665    6156     00110000 00011000
     666    6161     10001000 00011000
     667    6162     01001000 00011000
     668    6164     00101000 00011000
     669    6168     00011000 00011000
     670    6177     10000100 00011000
     671    6178     01000100 00011000
     672    6180     00100100 00011000
     673    6184     00010100 00011000
     674    6192     00001100 00011000
     675    6209     10000010 00011000
     676    6210     01000010 00011000
     677    6212     00100010 00011000
     678    6216     00010010 00011000
     679    6224     00001010 00011000
     680    6240     00000110 00011000
     681    6273     10000001 00011000
     682    6274     01000001 00011000
     683    6276     00100001 00011000
     684    6280     00010001 00011000
     685    6288     00001001 00011000
     686    6304     00000101 00011000
     687    6336     00000011 00011000
     688    6401     10000000 10011000
     689    6402     01000000 10011000
     690    6404     00100000 10011000
     691    6408     00010000 10011000
     692    6416     00001000 10011000
     693    6432     00000100 10011000
     694    6464     00000010 10011000
     695    6528     00000001 10011000
     696    6657     10000000 01011000
     697    6658     01000000 01011000
     698    6660     00100000 01011000
     699    6664     00010000 01011000
     700    6672     00001000 01011000
     701    6688     00000100 01011000
     702    6720     00000010 01011000
     703    6784     00000001 01011000
     704    6912     00000000 11011000
     705    7169     10000000 00111000
     706    7170     01000000 00111000
     707    7172     00100000 00111000
     708    7176     00010000 00111000
     709    7184     00001000 00111000
     710    7200     00000100 00111000
     711    7232     00000010 00111000
     712    7296     00000001 00111000
     713    7424     00000000 10111000
     714    7680     00000000 01111000
     715    8199     11100000 00000100
     716    8203     11010000 00000100
     717    8205     10110000 00000100
     718    8206     01110000 00000100
     719    8211     11001000 00000100
     720    8213     10101000 00000100
     721    8214     01101000 00000100
     722    8217     10011000 00000100
     723    8218     01011000 00000100
     724    8220     00111000 00000100
     725    8227     11000100 00000100
     726    8229     10100100 00000100
     727    8230     01100100 00000100
     728    8233     10010100 00000100
     729    8234     01010100 00000100
     730    8236     00110100 00000100
     731    8241     10001100 00000100
     732    8242     01001100 00000100
     733    8244     00101100 00000100
     734    8248     00011100 00000100
     735    8259     11000010 00000100
     736    8261     10100010 00000100
     737    8262     01100010 00000100
     738    8265     10010010 00000100
     739    8266     01010010 00000100
     740    8268     00110010 00000100
     741    8273     10001010 00000100
     742    8274     01001010 00000100
     743    8276     00101010 00000100
     744    8280     00011010 00000100
     745    8289     10000110 00000100
     746    8290     01000110 00000100
     747    8292     00100110 00000100
     748    8296     00010110 00000100
     749    8304     00001110 00000100
     750    8323     11000001 00000100
     751    8325     10100001 00000100
     752    8326     01100001 00000100
     753    8329     10010001 00000100
     754    8330     01010001 00000100
     755    8332     00110001 00000100
     756    8337     10001001 00000100
     757    8338     01001001 00000100
     758    8340     00101001 00000100
     759    8344     00011001 00000100
     760    8353     10000101 00000100
     761    8354     01000101 00000100
     762    8356     00100101 00000100
     763    8360     00010101 00000100
     764    8368     00001101 00000100
     765    8385     10000011 00000100
     766    8386     01000011 00000100
     767    8388     00100011 00000100
     768    8392     00010011 00000100
     769    8400     00001011 00000100
     770    8416     00000111 00000100
     771    8451     11000000 10000100
     772    8453     10100000 10000100
     773    8454     01100000 10000100
     774    8457     10010000 10000100
     775    8458     01010000 10000100
     776    8460     00110000 10000100
     777    8465     10001000 10000100
     778    8466     01001000 10000100
     779    8468     00101000 10000100
     780    8472     00011000 10000100
     781    8481     10000100 10000100
     782    8482     01000100 10000100
     783    8484     00100100 10000100
     784    8488     00010100 10000100
     785    8496     00001100 10000100
     786    8513     10000010 10000100
     787    8514     01000010 10000100
     788    8516     00100010 10000100
     789    8520     00010010 10000100
     790    8528     00001010 10000100
     791    8544     00000110 10000100
     792    8577     10000001 10000100
     793    8578     01000001 10000100
     794    8580     00100001 10000100
     795    8584     00010001 10000100
     796    8592     00001001 10000100
     797    8608     00000101 10000100
     798    8640     00000011 10000100
     799    8707     11000000 01000100
     800    8709     10100000 01000100
     801    8710     01100000 01000100
     802    8713     10010000 01000100
     803    8714     01010000 01000100
     804    8716     00110000 01000100
     805    8721     10001000 01000100
     806    8722     01001000 01000100
     807    8724     00101000 01000100
     808    8728     00011000 01000100
     809    8737     10000100 01000100
     810    8738     01000100 01000100
     811    8740     00100100 01000100
     812    8744     00010100 01000100
     813    8752     00001100 01000100
     814    8769     10000010 01000100
     815    8770     01000010 01000100
     816    8772     00100010 01000100
     817    8776     00010010 01000100
     818    8784     00001010 01000100
     819    8800     00000110 01000100
     820    8833     10000001 01000100
     821    8834     01000001 01000100
     822    8836     00100001 01000100
     823    8840     00010001 01000100
     824    8848     00001001 01000100
     825    8864     00000101 01000100
     826    8896     00000011 01000100
     827    8961     10000000 11000100
     828    8962     01000000 11000100
     829    8964     00100000 11000100
     830    8968     00010000 11000100
     831    8976     00001000 11000100
     832    8992     00000100 11000100
     833    9024     00000010 11000100
     834    9088     00000001 11000100
     835    9219     11000000 00100100
     836    9221     10100000 00100100
     837    9222     01100000 00100100
     838    9225     10010000 00100100
     839    9226     01010000 00100100
     840    9228     00110000 00100100
     841    9233     10001000 00100100
     842    9234     01001000 00100100
     843    9236     00101000 00100100
     844    9240     00011000 00100100
     845    9249     10000100 00100100
     846    9250     01000100 00100100
     847    9252     00100100 00100100
     848    9256     00010100 00100100
     849    9264     00001100 00100100
     850    9281     10000010 00100100
     851    9282     01000010 00100100
     852    9284     00100010 00100100
     853    9288     00010010 00100100
     854    9296     00001010 00100100
     855    9312     00000110 00100100
     856    9345     10000001 00100100
     857    9346     01000001 00100100
     858    9348     00100001 00100100
     859    9352     00010001 00100100
     860    9360     00001001 00100100
     861    9376     00000101 00100100
     862    9408     00000011 00100100
     863    9473     10000000 10100100
     864    9474     01000000 10100100
     865    9476     00100000 10100100
     866    9480     00010000 10100100
     867    9488     00001000 10100100
     868    9504     00000100 10100100
     869    9536     00000010 10100100
     870    9600     00000001 10100100
     871    9729     10000000 01100100
     872    9730     01000000 01100100
     873    9732     00100000 01100100
     874    9736     00010000 01100100
     875    9744     00001000 01100100
     876    9760     00000100 01100100
     877    9792     00000010 01100100
     878    9856     00000001 01100100
     879    9984     00000000 11100100
     880   10243     11000000 00010100
     881   10245     10100000 00010100
     882   10246     01100000 00010100
     883   10249     10010000 00010100
     884   10250     01010000 00010100
     885   10252     00110000 00010100
     886   10257     10001000 00010100
     887   10258     01001000 00010100
     888   10260     00101000 00010100
     889   10264     00011000 00010100
     890   10273     10000100 00010100
     891   10274     01000100 00010100
     892   10276     00100100 00010100
     893   10280     00010100 00010100
     894   10288     00001100 00010100
     895   10305     10000010 00010100
     896   10306     01000010 00010100
     897   10308     00100010 00010100
     898   10312     00010010 00010100
     899   10320     00001010 00010100
     900   10336     00000110 00010100
     901   10369     10000001 00010100
     902   10370     01000001 00010100
     903   10372     00100001 00010100
     904   10376     00010001 00010100
     905   10384     00001001 00010100
     906   10400     00000101 00010100
     907   10432     00000011 00010100
     908   10497     10000000 10010100
     909   10498     01000000 10010100
     910   10500     00100000 10010100
     911   10504     00010000 10010100
     912   10512     00001000 10010100
     913   10528     00000100 10010100
     914   10560     00000010 10010100
     915   10624     00000001 10010100
     916   10753     10000000 01010100
     917   10754     01000000 01010100
     918   10756     00100000 01010100
     919   10760     00010000 01010100
     920   10768     00001000 01010100
     921   10784     00000100 01010100
     922   10816     00000010 01010100
     923   10880     00000001 01010100
     924   11008     00000000 11010100
     925   11265     10000000 00110100
     926   11266     01000000 00110100
     927   11268     00100000 00110100
     928   11272     00010000 00110100
     929   11280     00001000 00110100
     930   11296     00000100 00110100
     931   11328     00000010 00110100
     932   11392     00000001 00110100
     933   11520     00000000 10110100
     934   11776     00000000 01110100
     935   12291     11000000 00001100
     936   12293     10100000 00001100
     937   12294     01100000 00001100
     938   12297     10010000 00001100
     939   12298     01010000 00001100
     940   12300     00110000 00001100
     941   12305     10001000 00001100
     942   12306     01001000 00001100
     943   12308     00101000 00001100
     944   12312     00011000 00001100
     945   12321     10000100 00001100
     946   12322     01000100 00001100
     947   12324     00100100 00001100
     948   12328     00010100 00001100
     949   12336     00001100 00001100
     950   12353     10000010 00001100
     951   12354     01000010 00001100
     952   12356     00100010 00001100
     953   12360     00010010 00001100
     954   12368     00001010 00001100
     955   12384     00000110 00001100
     956   12417     10000001 00001100
     957   12418     01000001 00001100
     958   12420     00100001 00001100
     959   12424     00010001 00001100
     960   12432     00001001 00001100
     961   12448     00000101 00001100
     962   12480     00000011 00001100
     963   12545     10000000 10001100
     964   12546     01000000 10001100
     965   12548     00100000 10001100
     966   12552     00010000 10001100
     967   12560     00001000 10001100
     968   12576     00000100 10001100
     969   12608     00000010 10001100
     970   12672     00000001 10001100
     971   12801     10000000 01001100
     972   12802     01000000 01001100
     973   12804     00100000 01001100
     974   12808     00010000 01001100
     975   12816     00001000 01001100
     976   12832     00000100 01001100
     977   12864     00000010 01001100
     978   12928     00000001 01001100
     979   13056     00000000 11001100
     980   13313     10000000 00101100
     981   13314     01000000 00101100
     982   13316     00100000 00101100
     983   13320     00010000 00101100
     984   13328     00001000 00101100
     985   13344     00000100 00101100
     986   13376     00000010 00101100
     987   13440     00000001 00101100
     988   13568     00000000 10101100
     989   13824     00000000 01101100
     990   14337     10000000 00011100
     991   14338     01000000 00011100
     992   14340     00100000 00011100
     993   14344     00010000 00011100
     994   14352     00001000 00011100
     995   14368     00000100 00011100
     996   14400     00000010 00011100
     997   14464     00000001 00011100
     998   14592     00000000 10011100
     999   14848     00000000 01011100
    1000   15360     00000000 00111100
    1001   16391     11100000 00000010
    1002   16395     11010000 00000010
    1003   16397     10110000 00000010
    1004   16398     01110000 00000010
    1005   16403     11001000 00000010
    1006   16405     10101000 00000010
    1007   16406     01101000 00000010
    1008   16409     10011000 00000010
    1009   16410     01011000 00000010
    1010   16412     00111000 00000010
    1011   16419     11000100 00000010
    1012   16421     10100100 00000010
    1013   16422     01100100 00000010
    1014   16425     10010100 00000010
    1015   16426     01010100 00000010
    1016   16428     00110100 00000010
    1017   16433     10001100 00000010
    1018   16434     01001100 00000010
    1019   16436     00101100 00000010
    1020   16440     00011100 00000010
    1021   16451     11000010 00000010
    1022   16453     10100010 00000010
    1023   16454     01100010 00000010
    1024   16457     10010010 00000010
    1025   16458     01010010 00000010
    1026   16460     00110010 00000010
    1027   16465     10001010 00000010
    1028   16466     01001010 00000010
    1029   16468     00101010 00000010
    1030   16472     00011010 00000010
    1031   16481     10000110 00000010
    1032   16482     01000110 00000010
    1033   16484     00100110 00000010
    1034   16488     00010110 00000010
    1035   16496     00001110 00000010
    1036   16515     11000001 00000010
    1037   16517     10100001 00000010
    1038   16518     01100001 00000010
    1039   16521     10010001 00000010
    1040   16522     01010001 00000010
    1041   16524     00110001 00000010
    1042   16529     10001001 00000010
    1043   16530     01001001 00000010
    1044   16532     00101001 00000010
    1045   16536     00011001 00000010
    1046   16545     10000101 00000010
    1047   16546     01000101 00000010
    1048   16548     00100101 00000010
    1049   16552     00010101 00000010
    1050   16560     00001101 00000010
    1051   16577     10000011 00000010
    1052   16578     01000011 00000010
    1053   16580     00100011 00000010
    1054   16584     00010011 00000010
    1055   16592     00001011 00000010
    1056   16608     00000111 00000010
    1057   16643     11000000 10000010
    1058   16645     10100000 10000010
    1059   16646     01100000 10000010
    1060   16649     10010000 10000010
    1061   16650     01010000 10000010
    1062   16652     00110000 10000010
    1063   16657     10001000 10000010
    1064   16658     01001000 10000010
    1065   16660     00101000 10000010
    1066   16664     00011000 10000010
    1067   16673     10000100 10000010
    1068   16674     01000100 10000010
    1069   16676     00100100 10000010
    1070   16680     00010100 10000010
    1071   16688     00001100 10000010
    1072   16705     10000010 10000010
    1073   16706     01000010 10000010
    1074   16708     00100010 10000010
    1075   16712     00010010 10000010
    1076   16720     00001010 10000010
    1077   16736     00000110 10000010
    1078   16769     10000001 10000010
    1079   16770     01000001 10000010
    1080   16772     00100001 10000010
    1081   16776     00010001 10000010
    1082   16784     00001001 10000010
    1083   16800     00000101 10000010
    1084   16832     00000011 10000010
    1085   16899     11000000 01000010
    1086   16901     10100000 01000010
    1087   16902     01100000 01000010
    1088   16905     10010000 01000010
    1089   16906     01010000 01000010
    1090   16908     00110000 01000010
    1091   16913     10001000 01000010
    1092   16914     01001000 01000010
    1093   16916     00101000 01000010
    1094   16920     00011000 01000010
    1095   16929     10000100 01000010
    1096   16930     01000100 01000010
    1097   16932     00100100 01000010
    1098   16936     00010100 01000010
    1099   16944     00001100 01000010
    1100   16961     10000010 01000010
    1101   16962     01000010 01000010
    1102   16964     00100010 01000010
    1103   16968     00010010 01000010
    1104   16976     00001010 01000010
    1105   16992     00000110 01000010
    1106   17025     10000001 01000010
    1107   17026     01000001 01000010
    1108   17028     00100001 01000010
    1109   17032     00010001 01000010
    1110   17040     00001001 01000010
    1111   17056     00000101 01000010
    1112   17088     00000011 01000010
    1113   17153     10000000 11000010
    1114   17154     01000000 11000010
    1115   17156     00100000 11000010
    1116   17160     00010000 11000010
    1117   17168     00001000 11000010
    1118   17184     00000100 11000010
    1119   17216     00000010 11000010
    1120   17280     00000001 11000010
    1121   17411     11000000 00100010
    1122   17413     10100000 00100010
    1123   17414     01100000 00100010
    1124   17417     10010000 00100010
    1125   17418     01010000 00100010
    1126   17420     00110000 00100010
    1127   17425     10001000 00100010
    1128   17426     01001000 00100010
    1129   17428     00101000 00100010
    1130   17432     00011000 00100010
    1131   17441     10000100 00100010
    1132   17442     01000100 00100010
    1133   17444     00100100 00100010
    1134   17448     00010100 00100010
    1135   17456     00001100 00100010
    1136   17473     10000010 00100010
    1137   17474     01000010 00100010
    1138   17476     00100010 00100010
    1139   17480     00010010 00100010
    1140   17488     00001010 00100010
    1141   17504     00000110 00100010
    1142   17537     10000001 00100010
    1143   17538     01000001 00100010
    1144   17540     00100001 00100010
    1145   17544     00010001 00100010
    1146   17552     00001001 00100010
    1147   17568     00000101 00100010
    1148   17600     00000011 00100010
    1149   17665     10000000 10100010
    1150   17666     01000000 10100010
    1151   17668     00100000 10100010
    1152   17672     00010000 10100010
    1153   17680     00001000 10100010
    1154   17696     00000100 10100010
    1155   17728     00000010 10100010
    1156   17792     00000001 10100010
    1157   17921     10000000 01100010
    1158   17922     01000000 01100010
    1159   17924     00100000 01100010
    1160   17928     00010000 01100010
    1161   17936     00001000 01100010
    1162   17952     00000100 01100010
    1163   17984     00000010 01100010
    1164   18048     00000001 01100010
    1165   18176     00000000 11100010
    1166   18435     11000000 00010010
    1167   18437     10100000 00010010
    1168   18438     01100000 00010010
    1169   18441     10010000 00010010
    1170   18442     01010000 00010010
    1171   18444     00110000 00010010
    1172   18449     10001000 00010010
    1173   18450     01001000 00010010
    1174   18452     00101000 00010010
    1175   18456     00011000 00010010
    1176   18465     10000100 00010010
    1177   18466     01000100 00010010
    1178   18468     00100100 00010010
    1179   18472     00010100 00010010
    1180   18480     00001100 00010010
    1181   18497     10000010 00010010
    1182   18498     01000010 00010010
    1183   18500     00100010 00010010
    1184   18504     00010010 00010010
    1185   18512     00001010 00010010
    1186   18528     00000110 00010010
    1187   18561     10000001 00010010
    1188   18562     01000001 00010010
    1189   18564     00100001 00010010
    1190   18568     00010001 00010010
    1191   18576     00001001 00010010
    1192   18592     00000101 00010010
    1193   18624     00000011 00010010
    1194   18689     10000000 10010010
    1195   18690     01000000 10010010
    1196   18692     00100000 10010010
    1197   18696     00010000 10010010
    1198   18704     00001000 10010010
    1199   18720     00000100 10010010
    1200   18752     00000010 10010010
    1201   18816     00000001 10010010
    1202   18945     10000000 01010010
    1203   18946     01000000 01010010
    1204   18948     00100000 01010010
    1205   18952     00010000 01010010
    1206   18960     00001000 01010010
    1207   18976     00000100 01010010
    1208   19008     00000010 01010010
    1209   19072     00000001 01010010
    1210   19200     00000000 11010010
    1211   19457     10000000 00110010
    1212   19458     01000000 00110010
    1213   19460     00100000 00110010
    1214   19464     00010000 00110010
    1215   19472     00001000 00110010
    1216   19488     00000100 00110010
    1217   19520     00000010 00110010
    1218   19584     00000001 00110010
    1219   19712     00000000 10110010
    1220   19968     00000000 01110010
    1221   20483     11000000 00001010
    1222   20485     10100000 00001010
    1223   20486     01100000 00001010
    1224   20489     10010000 00001010
    1225   20490     01010000 00001010
    1226   20492     00110000 00001010
    1227   20497     10001000 00001010
    1228   20498     01001000 00001010
    1229   20500     00101000 00001010
    1230   20504     00011000 00001010
    1231   20513     10000100 00001010
    1232   20514     01000100 00001010
    1233   20516     00100100 00001010
    1234   20520     00010100 00001010
    1235   20528     00001100 00001010
    1236   20545     10000010 00001010
    1237   20546     01000010 00001010
    1238   20548     00100010 00001010
    1239   20552     00010010 00001010
    1240   20560     00001010 00001010
    1241   20576     00000110 00001010
    1242   20609     10000001 00001010
    1243   20610     01000001 00001010
    1244   20612     00100001 00001010
    1245   20616     00010001 00001010
    1246   20624     00001001 00001010
    1247   20640     00000101 00001010
    1248   20672     00000011 00001010
    1249   20737     10000000 10001010
    1250   20738     01000000 10001010
    1251   20740     00100000 10001010
    1252   20744     00010000 10001010
    1253   20752     00001000 10001010
    1254   20768     00000100 10001010
    1255   20800     00000010 10001010
    1256   20864     00000001 10001010
    1257   20993     10000000 01001010
    1258   20994     01000000 01001010
    1259   20996     00100000 01001010
    1260   21000     00010000 01001010
    1261   21008     00001000 01001010
    1262   21024     00000100 01001010
    1263   21056     00000010 01001010
    1264   21120     00000001 01001010
    1265   21248     00000000 11001010
    1266   21505     10000000 00101010
    1267   21506     01000000 00101010
    1268   21508     00100000 00101010
    1269   21512     00010000 00101010
    1270   21520     00001000 00101010
    1271   21536     00000100 00101010
    1272   21568     00000010 00101010
    1273   21632     00000001 00101010
    1274   21760     00000000 10101010
    1275   22016     00000000 01101010
    1276   22529     10000000 00011010
    1277   22530     01000000 00011010
    1278   22532     00100000 00011010
    1279   22536     00010000 00011010
    1280   22544     00001000 00011010
    1281   22560     00000100 00011010
    1282   22592     00000010 00011010
    1283   22656     00000001 00011010
    1284   22784     00000000 10011010
    1285   23040     00000000 01011010
    1286   23552     00000000 00111010
    1287   24579     11000000 00000110
    1288   24581     10100000 00000110
    1289   24582     01100000 00000110
    1290   24585     10010000 00000110
    1291   24586     01010000 00000110
    1292   24588     00110000 00000110
    1293   24593     10001000 00000110
    1294   24594     01001000 00000110
    1295   24596     00101000 00000110
    1296   24600     00011000 00000110
    1297   24609     10000100 00000110
    1298   24610     01000100 00000110
    1299   24612     00100100 00000110
    1300   24616     00010100 00000110
    1301   24624     00001100 00000110
    1302   24641     10000010 00000110
    1303   24642     01000010 00000110
    1304   24644     00100010 00000110
    1305   24648     00010010 00000110
    1306   24656     00001010 00000110
    1307   24672     00000110 00000110
    1308   24705     10000001 00000110
    1309   24706     01000001 00000110
    1310   24708     00100001 00000110
    1311   24712     00010001 00000110
    1312   24720     00001001 00000110
    1313   24736     00000101 00000110
    1314   24768     00000011 00000110
    1315   24833     10000000 10000110
    1316   24834     01000000 10000110
    1317   24836     00100000 10000110
    1318   24840     00010000 10000110
    1319   24848     00001000 10000110
    1320   24864     00000100 10000110
    1321   24896     00000010 10000110
    1322   24960     00000001 10000110
    1323   25089     10000000 01000110
    1324   25090     01000000 01000110
    1325   25092     00100000 01000110
    1326   25096     00010000 01000110
    1327   25104     00001000 01000110
    1328   25120     00000100 01000110
    1329   25152     00000010 01000110
    1330   25216     00000001 01000110
    1331   25344     00000000 11000110
    1332   25601     10000000 00100110
    1333   25602     01000000 00100110
    1334   25604     00100000 00100110
    1335   25608     00010000 00100110
    1336   25616     00001000 00100110
    1337   25632     00000100 00100110
    1338   25664     00000010 00100110
    1339   25728     00000001 00100110
    1340   25856     00000000 10100110
    1341   26112     00000000 01100110
    1342   26625     10000000 00010110
    1343   26626     01000000 00010110
    1344   26628     00100000 00010110
    1345   26632     00010000 00010110
    1346   26640     00001000 00010110
    1347   26656     00000100 00010110
    1348   26688     00000010 00010110
    1349   26752     00000001 00010110
    1350   26880     00000000 10010110
    1351   27136     00000000 01010110
    1352   27648     00000000 00110110
    1353   28673     10000000 00001110
    1354   28674     01000000 00001110
    1355   28676     00100000 00001110
    1356   28680     00010000 00001110
    1357   28688     00001000 00001110
    1358   28704     00000100 00001110
    1359   28736     00000010 00001110
    1360   28800     00000001 00001110
    1361   28928     00000000 10001110
    1362   29184     00000000 01001110
    1363   29696     00000000 00101110
    1364   30720     00000000 00011110
    1365   32775     11100000 00000001
    1366   32779     11010000 00000001
    1367   32781     10110000 00000001
    1368   32782     01110000 00000001
    1369   32787     11001000 00000001
    1370   32789     10101000 00000001
    1371   32790     01101000 00000001
    1372   32793     10011000 00000001
    1373   32794     01011000 00000001
    1374   32796     00111000 00000001
    1375   32803     11000100 00000001
    1376   32805     10100100 00000001
    1377   32806     01100100 00000001
    1378   32809     10010100 00000001
    1379   32810     01010100 00000001
    1380   32812     00110100 00000001
    1381   32817     10001100 00000001
    1382   32818     01001100 00000001
    1383   32820     00101100 00000001
    1384   32824     00011100 00000001
    1385   32835     11000010 00000001
    1386   32837     10100010 00000001
    1387   32838     01100010 00000001
    1388   32841     10010010 00000001
    1389   32842     01010010 00000001
    1390   32844     00110010 00000001
    1391   32849     10001010 00000001
    1392   32850     01001010 00000001
    1393   32852     00101010 00000001
    1394   32856     00011010 00000001
    1395   32865     10000110 00000001
    1396   32866     01000110 00000001
    1397   32868     00100110 00000001
    1398   32872     00010110 00000001
    1399   32880     00001110 00000001
    1400   32899     11000001 00000001
    1401   32901     10100001 00000001
    1402   32902     01100001 00000001
    1403   32905     10010001 00000001
    1404   32906     01010001 00000001
    1405   32908     00110001 00000001
    1406   32913     10001001 00000001
    1407   32914     01001001 00000001
    1408   32916     00101001 00000001
    1409   32920     00011001 00000001
    1410   32929     10000101 00000001
    1411   32930     01000101 00000001
    1412   32932     00100101 00000001
    1413   32936     00010101 00000001
    1414   32944     00001101 00000001
    1415   32961     10000011 00000001
    1416   32962     01000011 00000001
    1417   32964     00100011 00000001
    1418   32968     00010011 00000001
    1419   32976     00001011 00000001
    1420   32992     00000111 00000001
    1421   33027     11000000 10000001
    1422   33029     10100000 10000001
    1423   33030     01100000 10000001
    1424   33033     10010000 10000001
    1425   33034     01010000 10000001
    1426   33036     00110000 10000001
    1427   33041     10001000 10000001
    1428   33042     01001000 10000001
    1429   33044     00101000 10000001
    1430   33048     00011000 10000001
    1431   33057     10000100 10000001
    1432   33058     01000100 10000001
    1433   33060     00100100 10000001
    1434   33064     00010100 10000001
    1435   33072     00001100 10000001
    1436   33089     10000010 10000001
    1437   33090     01000010 10000001
    1438   33092     00100010 10000001
    1439   33096     00010010 10000001
    1440   33104     00001010 10000001
    1441   33120     00000110 10000001
    1442   33153     10000001 10000001
    1443   33154     01000001 10000001
    1444   33156     00100001 10000001
    1445   33160     00010001 10000001
    1446   33168     00001001 10000001
    1447   33184     00000101 10000001
    1448   33216     00000011 10000001
    1449   33283     11000000 01000001
    1450   33285     10100000 01000001
    1451   33286     01100000 01000001
    1452   33289     10010000 01000001
    1453   33290     01010000 01000001
    1454   33292     00110000 01000001
    1455   33297     10001000 01000001
    1456   33298     01001000 01000001
    1457   33300     00101000 01000001
    1458   33304     00011000 01000001
    1459   33313     10000100 01000001
    1460   33314     01000100 01000001
    1461   33316     00100100 01000001
    1462   33320     00010100 01000001
    1463   33328     00001100 01000001
    1464   33345     10000010 01000001
    1465   33346     01000010 01000001
    1466   33348     00100010 01000001
    1467   33352     00010010 01000001
    1468   33360     00001010 01000001
    1469   33376     00000110 01000001
    1470   33409     10000001 01000001
    1471   33410     01000001 01000001
    1472   33412     00100001 01000001
    1473   33416     00010001 01000001
    1474   33424     00001001 01000001
    1475   33440     00000101 01000001
    1476   33472     00000011 01000001
    1477   33537     10000000 11000001
    1478   33538     01000000 11000001
    1479   33540     00100000 11000001
    1480   33544     00010000 11000001
    1481   33552     00001000 11000001
    1482   33568     00000100 11000001
    1483   33600     00000010 11000001
    1484   33664     00000001 11000001
    1485   33795     11000000 00100001
    1486   33797     10100000 00100001
    1487   33798     01100000 00100001
    1488   33801     10010000 00100001
    1489   33802     01010000 00100001
    1490   33804     00110000 00100001
    1491   33809     10001000 00100001
    1492   33810     01001000 00100001
    1493   33812     00101000 00100001
    1494   33816     00011000 00100001
    1495   33825     10000100 00100001
    1496   33826     01000100 00100001
    1497   33828     00100100 00100001
    1498   33832     00010100 00100001
    1499   33840     00001100 00100001
    1500   33857     10000010 00100001
    1501   33858     01000010 00100001
    1502   33860     00100010 00100001
    1503   33864     00010010 00100001
    1504   33872     00001010 00100001
    1505   33888     00000110 00100001
    1506   33921     10000001 00100001
    1507   33922     01000001 00100001
    1508   33924     00100001 00100001
    1509   33928     00010001 00100001
    1510   33936     00001001 00100001
    1511   33952     00000101 00100001
    1512   33984     00000011 00100001
    1513   34049     10000000 10100001
    1514   34050     01000000 10100001
    1515   34052     00100000 10100001
    1516   34056     00010000 10100001
    1517   34064     00001000 10100001
    1518   34080     00000100 10100001
    1519   34112     00000010 10100001
    1520   34176     00000001 10100001
    1521   34305     10000000 01100001
    1522   34306     01000000 01100001
    1523   34308     00100000 01100001
    1524   34312     00010000 01100001
    1525   34320     00001000 01100001
    1526   34336     00000100 01100001
    1527   34368     00000010 01100001
    1528   34432     00000001 01100001
    1529   34560     00000000 11100001
    1530   34819     11000000 00010001
    1531   34821     10100000 00010001
    1532   34822     01100000 00010001
    1533   34825     10010000 00010001
    1534   34826     01010000 00010001
    1535   34828     00110000 00010001
    1536   34833     10001000 00010001
    1537   34834     01001000 00010001
    1538   34836     00101000 00010001
    1539   34840     00011000 00010001
    1540   34849     10000100 00010001
    1541   34850     01000100 00010001
    1542   34852     00100100 00010001
    1543   34856     00010100 00010001
    1544   34864     00001100 00010001
    1545   34881     10000010 00010001
    1546   34882     01000010 00010001
    1547   34884     00100010 00010001
    1548   34888     00010010 00010001
    1549   34896     00001010 00010001
    1550   34912     00000110 00010001
    1551   34945     10000001 00010001
    1552   34946     01000001 00010001
    1553   34948     00100001 00010001
    1554   34952     00010001 00010001
    1555   34960     00001001 00010001
    1556   34976     00000101 00010001
    1557   35008     00000011 00010001
    1558   35073     10000000 10010001
    1559   35074     01000000 10010001
    1560   35076     00100000 10010001
    1561   35080     00010000 10010001
    1562   35088     00001000 10010001
    1563   35104     00000100 10010001
    1564   35136     00000010 10010001
    1565   35200     00000001 10010001
    1566   35329     10000000 01010001
    1567   35330     01000000 01010001
    1568   35332     00100000 01010001
    1569   35336     00010000 01010001
    1570   35344     00001000 01010001
    1571   35360     00000100 01010001
    1572   35392     00000010 01010001
    1573   35456     00000001 01010001
    1574   35584     00000000 11010001
    1575   35841     10000000 00110001
    1576   35842     01000000 00110001
    1577   35844     00100000 00110001
    1578   35848     00010000 00110001
    1579   35856     00001000 00110001
    1580   35872     00000100 00110001
    1581   35904     00000010 00110001
    1582   35968     00000001 00110001
    1583   36096     00000000 10110001
    1584   36352     00000000 01110001
    1585   36867     11000000 00001001
    1586   36869     10100000 00001001
    1587   36870     01100000 00001001
    1588   36873     10010000 00001001
    1589   36874     01010000 00001001
    1590   36876     00110000 00001001
    1591   36881     10001000 00001001
    1592   36882     01001000 00001001
    1593   36884     00101000 00001001
    1594   36888     00011000 00001001
    1595   36897     10000100 00001001
    1596   36898     01000100 00001001
    1597   36900     00100100 00001001
    1598   36904     00010100 00001001
    1599   36912     00001100 00001001
    1600   36929     10000010 00001001
    1601   36930     01000010 00001001
    1602   36932     00100010 00001001
    1603   36936     00010010 00001001
    1604   36944     00001010 00001001
    1605   36960     00000110 00001001
    1606   36993     10000001 00001001
    1607   36994     01000001 00001001
    1608   36996     00100001 00001001
    1609   37000     00010001 00001001
    1610   37008     00001001 00001001
    1611   37024     00000101 00001001
    1612   37056     00000011 00001001
    1613   37121     10000000 10001001
    1614   37122     01000000 10001001
    1615   37124     00100000 10001001
    1616   37128     00010000 10001001
    1617   37136     00001000 10001001
    1618   37152     00000100 10001001
    1619   37184     00000010 10001001
    1620   37248     00000001 10001001
    1621   37377     10000000 01001001
    1622   37378     01000000 01001001
    1623   37380     00100000 01001001
    1624   37384     00010000 01001001
    1625   37392     00001000 01001001
    1626   37408     00000100 01001001
    1627   37440     00000010 01001001
    1628   37504     00000001 01001001
    1629   37632     00000000 11001001
    1630   37889     10000000 00101001
    1631   37890     01000000 00101001
    1632   37892     00100000 00101001
    1633   37896     00010000 00101001
    1634   37904     00001000 00101001
    1635   37920     00000100 00101001
    1636   37952     00000010 00101001
    1637   38016     00000001 00101001
    1638   38144     00000000 10101001
    1639   38400     00000000 01101001
    1640   38913     10000000 00011001
    1641   38914     01000000 00011001
    1642   38916     00100000 00011001
    1643   38920     00010000 00011001
    1644   38928     00001000 00011001
    1645   38944     00000100 00011001
    1646   38976     00000010 00011001
    1647   39040     00000001 00011001
    1648   39168     00000000 10011001
    1649   39424     00000000 01011001
    1650   39936     00000000 00111001
    1651   40963     11000000 00000101
    1652   40965     10100000 00000101
    1653   40966     01100000 00000101
    1654   40969     10010000 00000101
    1655   40970     01010000 00000101
    1656   40972     00110000 00000101
    1657   40977     10001000 00000101
    1658   40978     01001000 00000101
    1659   40980     00101000 00000101
    1660   40984     00011000 00000101
    1661   40993     10000100 00000101
    1662   40994     01000100 00000101
    1663   40996     00100100 00000101
    1664   41000     00010100 00000101
    1665   41008     00001100 00000101
    1666   41025     10000010 00000101
    1667   41026     01000010 00000101
    1668   41028     00100010 00000101
    1669   41032     00010010 00000101
    1670   41040     00001010 00000101
    1671   41056     00000110 00000101
    1672   41089     10000001 00000101
    1673   41090     01000001 00000101
    1674   41092     00100001 00000101
    1675   41096     00010001 00000101
    1676   41104     00001001 00000101
    1677   41120     00000101 00000101
    1678   41152     00000011 00000101
    1679   41217     10000000 10000101
    1680   41218     01000000 10000101
    1681   41220     00100000 10000101
    1682   41224     00010000 10000101
    1683   41232     00001000 10000101
    1684   41248     00000100 10000101
    1685   41280     00000010 10000101
    1686   41344     00000001 10000101
    1687   41473     10000000 01000101
    1688   41474     01000000 01000101
    1689   41476     00100000 01000101
    1690   41480     00010000 01000101
    1691   41488     00001000 01000101
    1692   41504     00000100 01000101
    1693   41536     00000010 01000101
    1694   41600     00000001 01000101
    1695   41728     00000000 11000101
    1696   41985     10000000 00100101
    1697   41986     01000000 00100101
    1698   41988     00100000 00100101
    1699   41992     00010000 00100101
    1700   42000     00001000 00100101
    1701   42016     00000100 00100101
    1702   42048     00000010 00100101
    1703   42112     00000001 00100101
    1704   42240     00000000 10100101
    1705   42496     00000000 01100101
    1706   43009     10000000 00010101
    1707   43010     01000000 00010101
    1708   43012     00100000 00010101
    1709   43016     00010000 00010101
    1710   43024     00001000 00010101
    1711   43040     00000100 00010101
    1712   43072     00000010 00010101
    1713   43136     00000001 00010101
    1714   43264     00000000 10010101
    1715   43520     00000000 01010101
    1716   44032     00000000 00110101
    1717   45057     10000000 00001101
    1718   45058     01000000 00001101
    1719   45060     00100000 00001101
    1720   45064     00010000 00001101
    1721   45072     00001000 00001101
    1722   45088     00000100 00001101
    1723   45120     00000010 00001101
    1724   45184     00000001 00001101
    1725   45312     00000000 10001101
    1726   45568     00000000 01001101
    1727   46080     00000000 00101101
    1728   47104     00000000 00011101
    1729   49155     11000000 00000011
    1730   49157     10100000 00000011
    1731   49158     01100000 00000011
    1732   49161     10010000 00000011
    1733   49162     01010000 00000011
    1734   49164     00110000 00000011
    1735   49169     10001000 00000011
    1736   49170     01001000 00000011
    1737   49172     00101000 00000011
    1738   49176     00011000 00000011
    1739   49185     10000100 00000011
    1740   49186     01000100 00000011
    1741   49188     00100100 00000011
    1742   49192     00010100 00000011
    1743   49200     00001100 00000011
    1744   49217     10000010 00000011
    1745   49218     01000010 00000011
    1746   49220     00100010 00000011
    1747   49224     00010010 00000011
    1748   49232     00001010 00000011
    1749   49248     00000110 00000011
    1750   49281     10000001 00000011
    1751   49282     01000001 00000011
    1752   49284     00100001 00000011
    1753   49288     00010001 00000011
    1754   49296     00001001 00000011
    1755   49312     00000101 00000011
    1756   49344     00000011 00000011
    1757   49409     10000000 10000011
    1758   49410     01000000 10000011
    1759   49412     00100000 10000011
    1760   49416     00010000 10000011
    1761   49424     00001000 10000011
    1762   49440     00000100 10000011
    1763   49472     00000010 10000011
    1764   49536     00000001 10000011
    1765   49665     10000000 01000011
    1766   49666     01000000 01000011
    1767   49668     00100000 01000011
    1768   49672     00010000 01000011
    1769   49680     00001000 01000011
    1770   49696     00000100 01000011
    1771   49728     00000010 01000011
    1772   49792     00000001 01000011
    1773   49920     00000000 11000011
    1774   50177     10000000 00100011
    1775   50178     01000000 00100011
    1776   50180     00100000 00100011
    1777   50184     00010000 00100011
    1778   50192     00001000 00100011
    1779   50208     00000100 00100011
    1780   50240     00000010 00100011
    1781   50304     00000001 00100011
    1782   50432     00000000 10100011
    1783   50688     00000000 01100011
    1784   51201     10000000 00010011
    1785   51202     01000000 00010011
    1786   51204     00100000 00010011
    1787   51208     00010000 00010011
    1788   51216     00001000 00010011
    1789   51232     00000100 00010011
    1790   51264     00000010 00010011
    1791   51328     00000001 00010011
    1792   51456     00000000 10010011
    1793   51712     00000000 01010011
    1794   52224     00000000 00110011
    1795   53249     10000000 00001011
    1796   53250     01000000 00001011
    1797   53252     00100000 00001011
    1798   53256     00010000 00001011
    1799   53264     00001000 00001011
    1800   53280     00000100 00001011
    1801   53312     00000010 00001011
    1802   53376     00000001 00001011
    1803   53504     00000000 10001011
    1804   53760     00000000 01001011
    1805   54272     00000000 00101011
    1806   55296     00000000 00011011
    1807   57345     10000000 00000111
    1808   57346     01000000 00000111
    1809   57348     00100000 00000111
    1810   57352     00010000 00000111
    1811   57360     00001000 00000111
    1812   57376     00000100 00000111
    1813   57408     00000010 00000111
    1814   57472     00000001 00000111
    1815   57600     00000000 10000111
    1816   57856     00000000 01000111
    1817   58368     00000000 00100111
    1818   59392     00000000 00010111
    1819   61440     00000000 00001111
