       0       0        0.200000        0.000000
       1       0       -1.000000        0.000000
      22       0        1.000000        0.000000
       0       1       -1.000000        0.000000
       1       1        0.400000        0.000000
       2       1       -1.000000        0.000000
       3       1       -1.000000        0.000000
      23       1        1.000000        0.000000
       1       2       -1.000000        0.000000
       2       2        0.600000        0.000000
       4       2       -1.000000        0.000000
       1       3       -1.000000        0.000000
       3       3        0.600000        0.000000
       4       3       -1.000000        0.000000
       6       3       -1.000000        0.000000
      24       3        1.000000        0.000000
       2       4       -1.000000        0.000000
       3       4       -1.000000        0.000000
       4       4        0.800000        0.000000
       5       4       -1.000000        0.000000
       7       4       -1.000000        0.000000
       4       5       -1.000000        0.000000
       5       5        1.000000        0.000000
       8       5       -1.000000        0.000000
       3       6       -1.000000        0.000000
       6       6        0.800000        0.000000
       7       6       -1.000000        0.000000
      10       6       -1.000000        0.000000
      25       6        1.000000        0.000000
       4       7       -1.000000        0.000000
       6       7       -1.000000        0.000000
       7       7        1.000000        0.000000
       8       7       -1.000000        0.000000
      11       7       -1.000000        0.000000
       5       8       -1.000000        0.000000
       7       8       -1.000000        0.000000
       8       8        1.200000        0.000000
       9       8       -1.000000        0.000000
      12       8       -1.000000        0.000000
       8       9       -1.000000        0.000000
       9       9        1.400000        0.000000
      13       9       -1.000000        0.000000
       6      10       -1.000000        0.000000
      10      10        1.000000        0.000000
      11      10       -1.000000        0.000000
      15      10       -1.000000        0.000000
      26      10        1.000000        0.000000
       7      11       -1.000000        0.000000
      10      11       -1.000000        0.000000
      11      11        1.200000        0.000000
      12      11       -1.000000        0.000000
      16      11       -1.000000        0.000000
       8      12       -1.000000        0.000000
      11      12       -1.000000        0.000000
      12      12        1.400000        0.000000
      13      12       -1.000000        0.000000
      17      12       -1.000000        0.000000
       9      13       -1.000000        0.000000
      12      13       -1.000000        0.000000
      13      13        1.600000        0.000000
      14      13       -1.000000        0.000000
      18      13       -1.000000        0.000000
      13      14       -1.000000        0.000000
      14      14        1.800000        0.000000
      19      14       -1.000000        0.000000
      10      15       -1.000000        0.000000
      15      15        1.200000        0.000000
      16      15       -1.000000        0.000000
      21      15       -1.000000        0.000000
      27      15        1.000000        0.000000
      11      16       -1.000000        0.000000
      15      16       -1.000000        0.000000
      16      16        1.400000        0.000000
      17      16       -1.000000        0.000000
      22      16       -1.000000        0.000000
      12      17       -1.000000        0.000000
      16      17       -1.000000        0.000000
      17      17        1.600000        0.000000
      18      17       -1.000000        0.000000
      23      17       -1.000000        0.000000
      13      18       -1.000000        0.000000
      17      18       -1.000000        0.000000
      18      18        1.800000        0.000000
      19      18       -1.000000        0.000000
      24      18       -1.000000        0.000000
      14      19       -1.000000        0.000000
      18      19       -1.000000        0.000000
      19      19        2.000000        0.000000
      20      19       -1.000000        0.000000
      25      19       -1.000000        0.000000
      19      20       -1.000000        0.000000
      20      20        2.200000        0.000000
      26      20       -1.000000        0.000000
      15      21       -1.000000        0.000000
      21      21        1.400000        0.000000
      22      21       -1.000000        0.000000
       0      22        1.000000        0.000000
      16      22       -1.000000        0.000000
      21      22       -1.000000        0.000000
      22      22        1.600000        0.000000
      23      22       -1.000000        0.000000
       1      23        1.000000        0.000000
      17      23       -1.000000        0.000000
      22      23       -1.000000        0.000000
      23      23        1.800000        0.000000
      24      23       -1.000000        0.000000
       3      24        1.000000        0.000000
      18      24       -1.000000        0.000000
      23      24       -1.000000        0.000000
      24      24        2.000000        0.000000
      25      24       -1.000000        0.000000
       6      25        1.000000        0.000000
      19      25       -1.000000        0.000000
      24      25       -1.000000        0.000000
      25      25        2.200000        0.000000
      26      25       -1.000000        0.000000
      10      26        1.000000        0.000000
      20      26       -1.000000        0.000000
      25      26       -1.000000        0.000000
      26      26        2.400000        0.000000
      27      26       -1.000000        0.000000
      15      27        1.000000        0.000000
      26      27       -1.000000        0.000000
      27      27        2.600000        0.000000
