       0       0        0.000006        0.000000
       0       1       -1.000000        0.000000
       0       7        1.000000        0.000000
       1       1        0.100005        0.000000
       1       0       -1.000000        0.000000
       1       2       -1.000000        0.000000
       2       2        0.200003        0.000000
       2       1       -1.000000        0.000000
       2       3       -1.000000        0.000000
       3       3        0.300003        0.000000
       3       2       -1.000000        0.000000
       3       4       -1.000000        0.000000
       4       4        0.400003        0.000000
       4       3       -1.000000        0.000000
       4       5       -1.000000        0.000000
       5       5        0.500002        0.000000
       5       4       -1.000000        0.000000
       5       6       -1.000000        0.000000
       6       6        0.600001        0.000000
       6       5       -1.000000        0.000000
       6       7       -1.000000        0.000000
       7       7        0.700001        0.000000
       7       6       -1.000000        0.000000
       7       0        1.000000        0.000000
