       0      15             1111 0000
       1      23             1110 1000
       2      27             1101 1000
       3      29             1011 1000
       4      30             0111 1000
       5      39             1110 0100
       6      43             1101 0100
       7      45             1011 0100
       8      46             0111 0100
       9      51             1100 1100
      10      53             1010 1100
      11      54             0110 1100
      12      57             1001 1100
      13      58             0101 1100
      14      60             0011 1100
      15      71             1110 0010
      16      75             1101 0010
      17      77             1011 0010
      18      78             0111 0010
      19      83             1100 1010
      20      85             1010 1010
      21      86             0110 1010
      22      89             1001 1010
      23      90             0101 1010
      24      92             0011 1010
      25      99             1100 0110
      26     101             1010 0110
      27     102             0110 0110
      28     105             1001 0110
      29     106             0101 0110
      30     108             0011 0110
      31     113             1000 1110
      32     114             0100 1110
      33     116             0010 1110
      34     120             0001 1110
      35     135             1110 0001
      36     139             1101 0001
      37     141             1011 0001
      38     142             0111 0001
      39     147             1100 1001
      40     149             1010 1001
      41     150             0110 1001
      42     153             1001 1001
      43     154             0101 1001
      44     156             0011 1001
      45     163             1100 0101
      46     165             1010 0101
      47     166             0110 0101
      48     169             1001 0101
      49     170             0101 0101
      50     172             0011 0101
      51     177             1000 1101
      52     178             0100 1101
      53     180             0010 1101
      54     184             0001 1101
      55     195             1100 0011
      56     197             1010 0011
      57     198             0110 0011
      58     201             1001 0011
      59     202             0101 0011
      60     204             0011 0011
      61     209             1000 1011
      62     210             0100 1011
      63     212             0010 1011
      64     216             0001 1011
      65     225             1000 0111
      66     226             0100 0111
      67     228             0010 0111
      68     232             0001 0111
      69     240             0000 1111
