       0      15            11110000
       1      23            11101000
       2      27            11011000
       3      29            10111000
       4      30            01111000
       5      39            11100100
       6      43            11010100
       7      45            10110100
       8      46            01110100
       9      51            11001100
      10      53            10101100
      11      54            01101100
      12      57            10011100
      13      58            01011100
      14      60            00111100
      15      71            11100010
      16      75            11010010
      17      77            10110010
      18      78            01110010
      19      83            11001010
      20      85            10101010
      21      86            01101010
      22      89            10011010
      23      90            01011010
      24      92            00111010
      25      99            11000110
      26     101            10100110
      27     102            01100110
      28     105            10010110
      29     106            01010110
      30     108            00110110
      31     113            10001110
      32     114            01001110
      33     116            00101110
      34     120            00011110
      35     135            11100001
      36     139            11010001
      37     141            10110001
      38     142            01110001
      39     147            11001001
      40     149            10101001
      41     150            01101001
      42     153            10011001
      43     154            01011001
      44     156            00111001
      45     163            11000101
      46     165            10100101
      47     166            01100101
      48     169            10010101
      49     170            01010101
      50     172            00110101
      51     177            10001101
      52     178            01001101
      53     180            00101101
      54     184            00011101
      55     195            11000011
      56     197            10100011
      57     198            01100011
      58     201            10010011
      59     202            01010011
      60     204            00110011
      61     209            10001011
      62     210            01001011
      63     212            00101011
      64     216            00011011
      65     225            10000111
      66     226            01000111
      67     228            00100111
      68     232            00010111
      69     240            00001111
