       0       0        0.600000        0.000000
       1       1        0.300000        0.000000
       2       1       -1.000000        0.000000
       4       1       -1.000000        0.000000
       5       1       -1.000000        0.000000
      35       1       -1.000000        0.000000
       1       2       -1.000000        0.000000
       2       2        0.400000        0.000000
       3       2       -1.000000        0.000000
       6       2       -1.000000        0.000000
      36       2       -1.000000        0.000000
       2       3       -1.000000        0.000000
       3       3        0.500000        0.000000
       4       3       -1.000000        0.000000
       7       3       -1.000000        0.000000
      37       3       -1.000000        0.000000
       1       4       -1.000000        0.000000
       3       4       -1.000000        0.000000
       4       4        0.600000        0.000000
       8       4       -1.000000        0.000000
      38       4       -1.000000        0.000000
       1       5       -1.000000        0.000000
       5       5        0.400000        0.000000
       6       5       -1.000000        0.000000
       8       5       -1.000000        0.000000
      15       5       -1.000000        0.000000
       2       6       -1.000000        0.000000
       5       6       -1.000000        0.000000
       6       6        0.500000        0.000000
       7       6       -1.000000        0.000000
      16       6       -1.000000        0.000000
       3       7       -1.000000        0.000000
       6       7       -1.000000        0.000000
       7       7        0.600000        0.000000
       8       7       -1.000000        0.000000
      17       7       -1.000000        0.000000
       4       8       -1.000000        0.000000
       5       8       -1.000000        0.000000
       7       8       -1.000000        0.000000
       8       8        0.700000        0.000000
      18       8       -1.000000        0.000000
       9       9        0.200000        0.000000
      10       9       -1.000000        0.000000
      13       9       -1.000000        0.000000
      19       9       -1.000000        0.000000
      45       9       -1.000000        0.000000
       9      10       -1.000000        0.000000
      10      10        0.300000        0.000000
      11      10       -1.000000        0.000000
      12      10       -1.000000        0.000000
      14      10       -1.000000        0.000000
      20      10       -1.000000        0.000000
      46      10       -1.000000        0.000000
      10      11       -1.000000        0.000000
      11      11        0.400000        0.000000
      13      11       -1.000000        0.000000
      21      11       -1.000000        0.000000
      47      11       -1.000000        0.000000
      10      12       -1.000000        0.000000
      12      12        0.400000        0.000000
      13      12       -1.000000        0.000000
      22      12       -1.000000        0.000000
      48      12       -1.000000        0.000000
       9      13       -1.000000        0.000000
      11      13       -1.000000        0.000000
      12      13       -1.000000        0.000000
      13      13        0.500000        0.000000
      14      13       -1.000000        0.000000
      23      13       -1.000000        0.000000
      49      13       -1.000000        0.000000
      10      14       -1.000000        0.000000
      13      14       -1.000000        0.000000
      14      14        0.600000        0.000000
      24      14       -1.000000        0.000000
      50      14       -1.000000        0.000000
       5      15       -1.000000        0.000000
      15      15        0.500000        0.000000
      16      15       -1.000000        0.000000
      18      15       -1.000000        0.000000
      35      15       -1.000000        0.000000
       6      16       -1.000000        0.000000
      15      16       -1.000000        0.000000
      16      16        0.600000        0.000000
      17      16       -1.000000        0.000000
      36      16       -1.000000        0.000000
       7      17       -1.000000        0.000000
      16      17       -1.000000        0.000000
      17      17        0.700000        0.000000
      18      17       -1.000000        0.000000
      37      17       -1.000000        0.000000
       8      18       -1.000000        0.000000
      15      18       -1.000000        0.000000
      17      18       -1.000000        0.000000
      18      18        0.800000        0.000000
      38      18       -1.000000        0.000000
       9      19       -1.000000        0.000000
      19      19        0.300000        0.000000
      20      19       -1.000000        0.000000
      23      19       -1.000000        0.000000
      25      19       -1.000000        0.000000
      39      19       -1.000000        0.000000
      55      19       -1.000000        0.000000
      10      20       -1.000000        0.000000
      19      20       -1.000000        0.000000
      20      20        0.400000        0.000000
      21      20       -1.000000        0.000000
      22      20       -1.000000        0.000000
      24      20       -1.000000        0.000000
      26      20       -1.000000        0.000000
      40      20       -1.000000        0.000000
      56      20       -1.000000        0.000000
      11      21       -1.000000        0.000000
      20      21       -1.000000        0.000000
      21      21        0.500000        0.000000
      23      21       -1.000000        0.000000
      27      21       -1.000000        0.000000
      41      21       -1.000000        0.000000
      57      21       -1.000000        0.000000
      12      22       -1.000000        0.000000
      20      22       -1.000000        0.000000
      22      22        0.500000        0.000000
      23      22       -1.000000        0.000000
      28      22       -1.000000        0.000000
      42      22       -1.000000        0.000000
      58      22       -1.000000        0.000000
      13      23       -1.000000        0.000000
      19      23       -1.000000        0.000000
      21      23       -1.000000        0.000000
      22      23       -1.000000        0.000000
      23      23        0.600000        0.000000
      24      23       -1.000000        0.000000
      29      23       -1.000000        0.000000
      43      23       -1.000000        0.000000
      59      23       -1.000000        0.000000
      14      24       -1.000000        0.000000
      20      24       -1.000000        0.000000
      23      24       -1.000000        0.000000
      24      24        0.700000        0.000000
      30      24       -1.000000        0.000000
      44      24       -1.000000        0.000000
      60      24       -1.000000        0.000000
      19      25       -1.000000        0.000000
      25      25        0.400000        0.000000
      26      25       -1.000000        0.000000
      29      25       -1.000000        0.000000
      45      25       -1.000000        0.000000
      20      26       -1.000000        0.000000
      25      26       -1.000000        0.000000
      26      26        0.500000        0.000000
      27      26       -1.000000        0.000000
      28      26       -1.000000        0.000000
      30      26       -1.000000        0.000000
      46      26       -1.000000        0.000000
      21      27       -1.000000        0.000000
      26      27       -1.000000        0.000000
      27      27        0.600000        0.000000
      29      27       -1.000000        0.000000
      47      27       -1.000000        0.000000
      22      28       -1.000000        0.000000
      26      28       -1.000000        0.000000
      28      28        0.600000        0.000000
      29      28       -1.000000        0.000000
      48      28       -1.000000        0.000000
      23      29       -1.000000        0.000000
      25      29       -1.000000        0.000000
      27      29       -1.000000        0.000000
      28      29       -1.000000        0.000000
      29      29        0.700000        0.000000
      30      29       -1.000000        0.000000
      49      29       -1.000000        0.000000
      24      30       -1.000000        0.000000
      26      30       -1.000000        0.000000
      29      30       -1.000000        0.000000
      30      30        0.800000        0.000000
      50      30       -1.000000        0.000000
      31      31        0.300000        0.000000
      32      31       -1.000000        0.000000
      34      31       -1.000000        0.000000
      51      31       -1.000000        0.000000
      65      31       -1.000000        0.000000
      31      32       -1.000000        0.000000
      32      32        0.400000        0.000000
      33      32       -1.000000        0.000000
      52      32       -1.000000        0.000000
      66      32       -1.000000        0.000000
      32      33       -1.000000        0.000000
      33      33        0.500000        0.000000
      34      33       -1.000000        0.000000
      53      33       -1.000000        0.000000
      67      33       -1.000000        0.000000
      31      34       -1.000000        0.000000
      33      34       -1.000000        0.000000
      34      34        0.600000        0.000000
      54      34       -1.000000        0.000000
      68      34       -1.000000        0.000000
       1      35       -1.000000        0.000000
      15      35       -1.000000        0.000000
      35      35        0.600000        0.000000
      36      35       -1.000000        0.000000
      38      35       -1.000000        0.000000
       2      36       -1.000000        0.000000
      16      36       -1.000000        0.000000
      35      36       -1.000000        0.000000
      36      36        0.700000        0.000000
      37      36       -1.000000        0.000000
       3      37       -1.000000        0.000000
      17      37       -1.000000        0.000000
      36      37       -1.000000        0.000000
      37      37        0.800000        0.000000
      38      37       -1.000000        0.000000
       4      38       -1.000000        0.000000
      18      38       -1.000000        0.000000
      35      38       -1.000000        0.000000
      37      38       -1.000000        0.000000
      38      38        0.900000        0.000000
      19      39       -1.000000        0.000000
      39      39        0.400000        0.000000
      40      39       -1.000000        0.000000
      43      39       -1.000000        0.000000
      45      39       -1.000000        0.000000
      20      40       -1.000000        0.000000
      39      40       -1.000000        0.000000
      40      40        0.500000        0.000000
      41      40       -1.000000        0.000000
      42      40       -1.000000        0.000000
      44      40       -1.000000        0.000000
      46      40       -1.000000        0.000000
      21      41       -1.000000        0.000000
      40      41       -1.000000        0.000000
      41      41        0.600000        0.000000
      43      41       -1.000000        0.000000
      47      41       -1.000000        0.000000
      22      42       -1.000000        0.000000
      40      42       -1.000000        0.000000
      42      42        0.600000        0.000000
      43      42       -1.000000        0.000000
      48      42       -1.000000        0.000000
      23      43       -1.000000        0.000000
      39      43       -1.000000        0.000000
      41      43       -1.000000        0.000000
      42      43       -1.000000        0.000000
      43      43        0.700000        0.000000
      44      43       -1.000000        0.000000
      49      43       -1.000000        0.000000
      24      44       -1.000000        0.000000
      40      44       -1.000000        0.000000
      43      44       -1.000000        0.000000
      44      44        0.800000        0.000000
      50      44       -1.000000        0.000000
       9      45       -1.000000        0.000000
      25      45       -1.000000        0.000000
      39      45       -1.000000        0.000000
      45      45        0.500000        0.000000
      46      45       -1.000000        0.000000
      49      45       -1.000000        0.000000
      55      45       -1.000000        0.000000
      10      46       -1.000000        0.000000
      26      46       -1.000000        0.000000
      40      46       -1.000000        0.000000
      45      46       -1.000000        0.000000
      46      46        0.600000        0.000000
      47      46       -1.000000        0.000000
      48      46       -1.000000        0.000000
      50      46       -1.000000        0.000000
      56      46       -1.000000        0.000000
      11      47       -1.000000        0.000000
      27      47       -1.000000        0.000000
      41      47       -1.000000        0.000000
      46      47       -1.000000        0.000000
      47      47        0.700000        0.000000
      49      47       -1.000000        0.000000
      57      47       -1.000000        0.000000
      12      48       -1.000000        0.000000
      28      48       -1.000000        0.000000
      42      48       -1.000000        0.000000
      46      48       -1.000000        0.000000
      48      48        0.700000        0.000000
      49      48       -1.000000        0.000000
      58      48       -1.000000        0.000000
      13      49       -1.000000        0.000000
      29      49       -1.000000        0.000000
      43      49       -1.000000        0.000000
      45      49       -1.000000        0.000000
      47      49       -1.000000        0.000000
      48      49       -1.000000        0.000000
      49      49        0.800000        0.000000
      50      49       -1.000000        0.000000
      59      49       -1.000000        0.000000
      14      50       -1.000000        0.000000
      30      50       -1.000000        0.000000
      44      50       -1.000000        0.000000
      46      50       -1.000000        0.000000
      49      50       -1.000000        0.000000
      50      50        0.900000        0.000000
      60      50       -1.000000        0.000000
      31      51       -1.000000        0.000000
      51      51        0.400000        0.000000
      52      51       -1.000000        0.000000
      54      51       -1.000000        0.000000
      61      51       -1.000000        0.000000
      32      52       -1.000000        0.000000
      51      52       -1.000000        0.000000
      52      52        0.500000        0.000000
      53      52       -1.000000        0.000000
      62      52       -1.000000        0.000000
      33      53       -1.000000        0.000000
      52      53       -1.000000        0.000000
      53      53        0.600000        0.000000
      54      53       -1.000000        0.000000
      63      53       -1.000000        0.000000
      34      54       -1.000000        0.000000
      51      54       -1.000000        0.000000
      53      54       -1.000000        0.000000
      54      54        0.700000        0.000000
      64      54       -1.000000        0.000000
      19      55       -1.000000        0.000000
      45      55       -1.000000        0.000000
      55      55        0.600000        0.000000
      56      55       -1.000000        0.000000
      59      55       -1.000000        0.000000
      20      56       -1.000000        0.000000
      46      56       -1.000000        0.000000
      55      56       -1.000000        0.000000
      56      56        0.700000        0.000000
      57      56       -1.000000        0.000000
      58      56       -1.000000        0.000000
      60      56       -1.000000        0.000000
      21      57       -1.000000        0.000000
      47      57       -1.000000        0.000000
      56      57       -1.000000        0.000000
      57      57        0.800000        0.000000
      59      57       -1.000000        0.000000
      22      58       -1.000000        0.000000
      48      58       -1.000000        0.000000
      56      58       -1.000000        0.000000
      58      58        0.800000        0.000000
      59      58       -1.000000        0.000000
      23      59       -1.000000        0.000000
      49      59       -1.000000        0.000000
      55      59       -1.000000        0.000000
      57      59       -1.000000        0.000000
      58      59       -1.000000        0.000000
      59      59        0.900000        0.000000
      60      59       -1.000000        0.000000
      24      60       -1.000000        0.000000
      50      60       -1.000000        0.000000
      56      60       -1.000000        0.000000
      59      60       -1.000000        0.000000
      60      60        1.000000        0.000000
      51      61       -1.000000        0.000000
      61      61        0.500000        0.000000
      62      61       -1.000000        0.000000
      64      61       -1.000000        0.000000
      65      61       -1.000000        0.000000
      52      62       -1.000000        0.000000
      61      62       -1.000000        0.000000
      62      62        0.600000        0.000000
      63      62       -1.000000        0.000000
      66      62       -1.000000        0.000000
      53      63       -1.000000        0.000000
      62      63       -1.000000        0.000000
      63      63        0.700000        0.000000
      64      63       -1.000000        0.000000
      67      63       -1.000000        0.000000
      54      64       -1.000000        0.000000
      61      64       -1.000000        0.000000
      63      64       -1.000000        0.000000
      64      64        0.800000        0.000000
      68      64       -1.000000        0.000000
      31      65       -1.000000        0.000000
      61      65       -1.000000        0.000000
      65      65        0.600000        0.000000
      66      65       -1.000000        0.000000
      68      65       -1.000000        0.000000
      32      66       -1.000000        0.000000
      62      66       -1.000000        0.000000
      65      66       -1.000000        0.000000
      66      66        0.700000        0.000000
      67      66       -1.000000        0.000000
      33      67       -1.000000        0.000000
      63      67       -1.000000        0.000000
      66      67       -1.000000        0.000000
      67      67        0.800000        0.000000
      68      67       -1.000000        0.000000
      34      68       -1.000000        0.000000
      64      68       -1.000000        0.000000
      65      68       -1.000000        0.000000
      67      68       -1.000000        0.000000
      68      68        0.900000        0.000000
      69      69        0.600000        0.000000
