       0       0        0.000017        0.000000
       0       1       -1.000000        0.000000
       0       3        1.000000        0.000000
       1       1        0.100016        0.000000
       1       0       -1.000000        0.000000
       1       2       -1.000000        0.000000
       2       2        0.200012        0.000000
       2       1       -1.000000        0.000000
       2       3       -1.000000        0.000000
       3       3        0.300013        0.000000
       3       2       -1.000000        0.000000
       3       0        1.000000        0.000000
