       0       3             1100 0000
       1       5             1010 0000
       2       6             0110 0000
       3       9             1001 0000
       4      10             0101 0000
       5      12             0011 0000
       6      17             1000 1000
       7      18             0100 1000
       8      20             0010 1000
       9      24             0001 1000
      10      33             1000 0100
      11      34             0100 0100
      12      36             0010 0100
      13      40             0001 0100
      14      48             0000 1100
      15      65             1000 0010
      16      66             0100 0010
      17      68             0010 0010
      18      72             0001 0010
      19      80             0000 1010
      20      96             0000 0110
      21     129             1000 0001
      22     130             0100 0001
      23     132             0010 0001
      24     136             0001 0001
      25     144             0000 1001
      26     160             0000 0101
      27     192             0000 0011
