       0       0        0.100000        0.000000
       1       0       -1.000000        0.000000
       4       0       -1.000000        0.000000
       0       1       -1.000000        0.000000
       1       1        0.200000        0.000000
       2       1       -1.000000        0.000000
       3       1       -1.000000        0.000000
       5       1       -1.000000        0.000000
       1       2       -1.000000        0.000000
       2       2        0.300000        0.000000
       4       2       -1.000000        0.000000
       1       3       -1.000000        0.000000
       3       3        0.300000        0.000000
       4       3       -1.000000        0.000000
       0       4       -1.000000        0.000000
       2       4       -1.000000        0.000000
       3       4       -1.000000        0.000000
       4       4        0.400000        0.000000
       5       4       -1.000000        0.000000
       1       5       -1.000000        0.000000
       4       5       -1.000000        0.000000
       5       5        0.500000        0.000000
       6       6        0.000000        0.000000
       7       6       -1.000000        0.000000
       9       6       -1.000000        0.000000
      10       6       -1.000000        0.000000
      21       6       -1.000000        0.000000
       6       7       -1.000000        0.000000
       7       7        0.100000        0.000000
       8       7       -1.000000        0.000000
      11       7       -1.000000        0.000000
      22       7       -1.000000        0.000000
       7       8       -1.000000        0.000000
       8       8        0.200000        0.000000
       9       8       -1.000000        0.000000
      12       8       -1.000000        0.000000
      23       8       -1.000000        0.000000
       6       9       -1.000000        0.000000
       8       9       -1.000000        0.000000
       9       9        0.300000        0.000000
      13       9       -1.000000        0.000000
      24       9       -1.000000        0.000000
       6      10       -1.000000        0.000000
      10      10        0.100000        0.000000
      11      10       -1.000000        0.000000
      13      10       -1.000000        0.000000
      15      10       -1.000000        0.000000
       7      11       -1.000000        0.000000
      10      11       -1.000000        0.000000
      11      11        0.200000        0.000000
      12      11       -1.000000        0.000000
      16      11       -1.000000        0.000000
       8      12       -1.000000        0.000000
      11      12       -1.000000        0.000000
      12      12        0.300000        0.000000
      13      12       -1.000000        0.000000
      17      12       -1.000000        0.000000
       9      13       -1.000000        0.000000
      10      13       -1.000000        0.000000
      12      13       -1.000000        0.000000
      13      13        0.400000        0.000000
      18      13       -1.000000        0.000000
      14      14        0.100000        0.000000
      19      14       -1.000000        0.000000
      26      14       -1.000000        0.000000
      10      15       -1.000000        0.000000
      15      15        0.200000        0.000000
      16      15       -1.000000        0.000000
      18      15       -1.000000        0.000000
      21      15       -1.000000        0.000000
      11      16       -1.000000        0.000000
      15      16       -1.000000        0.000000
      16      16        0.300000        0.000000
      17      16       -1.000000        0.000000
      22      16       -1.000000        0.000000
      12      17       -1.000000        0.000000
      16      17       -1.000000        0.000000
      17      17        0.400000        0.000000
      18      17       -1.000000        0.000000
      23      17       -1.000000        0.000000
      13      18       -1.000000        0.000000
      15      18       -1.000000        0.000000
      17      18       -1.000000        0.000000
      18      18        0.500000        0.000000
      24      18       -1.000000        0.000000
      14      19       -1.000000        0.000000
      19      19        0.200000        0.000000
      20      19       -1.000000        0.000000
      25      19       -1.000000        0.000000
      27      19       -1.000000        0.000000
      19      20       -1.000000        0.000000
      20      20        0.300000        0.000000
      26      20       -1.000000        0.000000
       6      21       -1.000000        0.000000
      15      21       -1.000000        0.000000
      21      21        0.300000        0.000000
      22      21       -1.000000        0.000000
      24      21       -1.000000        0.000000
       7      22       -1.000000        0.000000
      16      22       -1.000000        0.000000
      21      22       -1.000000        0.000000
      22      22        0.400000        0.000000
      23      22       -1.000000        0.000000
       8      23       -1.000000        0.000000
      17      23       -1.000000        0.000000
      22      23       -1.000000        0.000000
      23      23        0.500000        0.000000
      24      23       -1.000000        0.000000
       9      24       -1.000000        0.000000
      18      24       -1.000000        0.000000
      21      24       -1.000000        0.000000
      23      24       -1.000000        0.000000
      24      24        0.600000        0.000000
      19      25       -1.000000        0.000000
      25      25        0.300000        0.000000
      26      25       -1.000000        0.000000
      14      26       -1.000000        0.000000
      20      26       -1.000000        0.000000
      25      26       -1.000000        0.000000
      26      26        0.400000        0.000000
      27      26       -1.000000        0.000000
      19      27       -1.000000        0.000000
      26      27       -1.000000        0.000000
      27      27        0.500000        0.000000
